#CONFIGURATION
#seed:                1357558523
#number of particles: 961
#lattice space        3.5
#axial ratio          1
#box_width:           108.5
#box height:          94.4327
#lattice type:		 triangular lattice
#particle speed:		 2
#runs:			     0
#nogui:			     1
#logname:             A335
1.56442
1.23843
0.288182
0.770059
0.369501
0.774806
0.67227
1.97082
1.57685
2.60966
1.25313
2.19434
1.68955
2.61364
0.3747
1.72446
0.954727
1.74457
1.86243
1.60618
3.00017
2.03842
0.919534
3.73047
3.52487
1.72428
3.85822
1.61046
1.55473
3.85521
1.75656
0.886357
1.27798
0.782014
1.36369
1.28445
2.98218
0.75984
0.0411549
1.25743
1.59552
0.0869413
1.12439
2.91754
4.72111
1.03826
1.60369
3.32112
0.581353
1.0063
1.31593
2.39616
1.7382
1.14794
1.82751
1.94506
2.26333
2.42582
1.77914
2.06409
1.02101
1.18722
4.49356
1.69031
0.447511
1.93294
2.8842
1.44159
1.59781
1.08494
0.900254
0.610677
0.700683
1.5487
1.5433
0.430347
0.613367
1.13953
2.69147
1.31544
1.27525
2.67084
2.77616
2.63492
1.18329
1.55558
1.66779
1.64759
2.21342
1.68642
1.83841
1.08629
1.45978
1.53728
2.98837
1.7652
1.92388
2.51331
1.92029
1.85567
3.21049
2.17902
3.40185
0.871883
0.399093
1.64047
1.17719
1.14389
1.10089
1.7325
1.57109
1.03974
1.10437
1.59705
1.75809
2.36841
2.58923
2.32293
1.42077
1.47459
1.16312
0.303457
2.75378
2.4771
4.38268
1.44728
1.41394
2.51301
3.03997
0.987063
2.70858
0.519393
1.52169
1.33347
1.04633
3.99113
4.14162
2.53655
1.72278
1.13268
2.20485
1.12625
1.87971
2.11361
0.721656
2.79682
3.28243
2.58615
1.09719
1.4702
2.7777
4.33906
2.41346
2.25744
1.02512
1.78117
2.10325
1.91117
0.973737
0.403857
1.31253
2.11869
2.17267
0.406484
3.1496
1.82616
0.473458
0.541961
0.847172
1.37842
0.980693
1.25132
1.05383
0.882763
2.7273
0.796859
1.5805
2.00707
2.9871
0.866827
3.15096
1.83471
1.04391
0.358386
3.23589
1.59719
2.71115
1.83529
1.16755
1.11621
2.65905
1.68344
2.89705
1.4148
2.45981
1.02032
3.24921
0.916648
2.72367
2.86599
1.22984
2.69616
1.0355
3.1897
1.51892
1.18949
3.15539
2.60941
3.02918
2.22258
2.46709
2.06089
1.94489
2.2598
1.04597
3.47272
2.16615
1.98905
1.42115
1.32626
1.48555
1.27404
2.494
2.61532
2.1445
4.27398
0.252763
1.54002
2.35648
1.90821
1.04894
2.87829
2.55713
1.25235
1.35486
2.22881
1.29165
2.29958
2.47146
1.45106
1.60396
0.217465
1.55084
0.0491849
0.0998482
0.612163
0.302026
2.25822
3.65949
1.10677
1.84333
2.05158
2.66462
2.66229
2.07654
3.3675
1.25895
4.19151
1.24334
1.86401
1.20346
3.78869
0.840913
0.851186
0.75091
1.64421
1.23852
2.68462
1.75593
1.53183
3.26326
1.64017
1.56013
1.68253
1.25446
1.56984
1.94656
1.81279
1.10197
2.67471
3.90123
1.89639
3.1759
1.684
2.82009
0.379409
1.2963
1.28996
1.72489
2.26024
1.85729
1.0844
2.48082
0.328548
2.07331
1.0926
0.233022
2.65944
0.767046
3.20813
3.13007
3.27889
0.314259
2.31076
1.28293
1.53515
0.884664
2.46244
1.94828
1.00519
0.690678
2.87049
1.56518
1.88598
2.51189
1.93661
0.952223
1.81248
1.378
1.49675
1.53559
1.10659
1.29115
1.80437
0.722335
2.44342
1.52159
1.30995
1.6826
0.440484
1.6044
1.94688
2.55799
1.90721
0.818322
0.806997
1.72247
3.38723
0.888824
2.21677
2.99163
2.93636
3.17086
0.666887
3.20879
2.44402
0.0564247
0.766033
1.27574
2.82356
1.21807
0.824899
0.755008
2.37056
3.82357
2.63222
2.03814
1.38087
1.0837
1.85877
2.81663
1.99056
1.56071
2.17956
2.44663
1.8546
0.72722
1.16879
1.99034
0.814679
3.8144
1.05538
1.56648
1.05091
0.845215
2.71712
1.54593
1.73254
0.876099
1.05668
0.547081
1.6315
2.65339
1.9977
2.13317
2.41005
0.446004
3.2798
0.125529
1.68109
1.4375
3.80957
3.22079
2.00969
2.3167
0.643941
1.92382
1.41737
1.93349
2.61069
2.86357
2.14908
0.649377
2.56748
1.08432
3.22666
4.14814
0.524517
0.204566
2.17326
1.0308
0.609238
2.50686
2.37312
1.41904
2.73973
0.232093
0.804366
3.31288
0.346469
4.15881
2.63393
3.12894
2.5039
0.562498
1.74598
1.3385
3.4837
3.07464
0.573757
0.193577
0.660898
1.03703
1.54464
3.43019
1.47488
1.41044
2.33531
3.77685
0.757667
1.13416
0.783742
4.66462
3.08611
0.895594
0.822509
1.01843
0.447305
2.49359
1.27139
1.99424
1.9061
1.78311
0.788737
1.57676
2.70193
0.98257
2.20272
3.06092
4.44774
2.34668
3.50822
1.55567
1.15258
0.897701
1.2301
1.0035
1.09589
0.566914
1.39662
2.33958
1.75532
1.83046
1.45975
1.62387
1.98348
1.28032
1.2705
1.58232
1.30809
2.5894
2.16194
0.0511053
1.08924
1.23914
1.86481
0.925362
1.73889
0.556851
1.8754
0.905298
1.04379
0.446766
1.15659
1.02621
1.57883
1.28495
1.91184
1.12208
2.8737
2.28384
0.331554
2.53423
2.0963
1.2872
2.19402
2.05748
1.86257
2.35488
2.46172
2.23687
1.20848
1.37928
2.08185
1.6333
1.45041
1.11526
0.501127
0.334988
1.55312
2.60544
1.96409
2.03851
2.91004
2.93851
1.69487
2.3616
0.447554
3.74492
0.754889
1.73546
0.278514
1.39544
1.43068
1.1016
2.95516
1.03387
2.07625
1.56383
2.17516
1.80969
1.93032
1.8164
1.39199
1.68942
1.34766
1.1275
0.930384
0.970892
1.05586
2.21894
2.3898
1.25984
1.15183
0.638525
2.38948
1.97636
1.64555
1.9418
1.22079
1.94098
2.80276
1.45092
1.37276
1.57025
1.30342
3.76381
1.75657
1.80673
3.82249
0.310712
1.46547
2.17743
2.08969
0.976935
1.92962
1.70372
3.44566
1.67593
0.0298386
1.25606
1.65765
2.00218
0.435774
2.49416
1.10643
1.24518
2.48774
2.02607
2.19423
1.21331
0.660692
3.11613
2.44055
1.65887
2.28217
1.38687
2.28041
2.99749
2.90766
1.92386
1.34405
1.32842
0.326972
1.0973
0.614976
2.208
1.4034
0.924154
2.54846
1.30494
0.486026
3.09527
1.5164
1.28916
1.49184
2.33643
2.37082
3.24548
1.12803
0.871111
0.637271
2.66507
1.82005
2.74234
2.39902
3.32456
2.00025
2.42122
3.5542
1.14577
2.96925
2.51734
0.756374
1.93347
3.55876
2.00639
1.51921
0.0602279
0.420769
1.59438
3.59149
1.56803
2.70707
0.945227
0.762885
0.597961
1.50661
1.20607
2.46779
0.0639809
0.598786
1.41493
0.985209
1.6611
1.79268
1.64261
1.18735
1.6047
1.19304
0.700826
0.543338
1.94142
1.61831
1.8536
0.454709
1.62223
0.789186
1.48519
2.90609
2.61945
1.11134
1.62783
2.22118
1.47149
0.335676
2.69258
2.49847
1.90727
3.95167
0.174268
0.712095
1.41553
0.748168
2.86674
1.70153
1.073
2.34996
1.26621
1.16565
1.37379
2.37224
1.13145
2.00413
3.28555
2.81845
1.17386
0.653009
2.35098
1.32671
2.35919
2.73522
3.70993
1.06887
1.9297
1.19749
1.51991
0.805075
0.650459
3.09713
1.89807
1.20819
1.38737
3.90475
1.05333
0.309618
4.22181
1.02303
0.246159
2.20974
2.05193
2.29708
2.41341
1.32942
1.82666
3.52216
0.967281
1.01892
0.233699
0.59152
0.726715
1.46934
2.3488
1.73893
1.94284
3.54246
4.26678
1.95977
2.87361
1.71345
0.689265
3.29763
1.70605
1.59649
1.05779
2.43118
1.56794
4.33044
0.338252
0.475762
1.11546
1.9285
1.75649
0.740429
1.23577
2.22383
3.04692
1.03147
2.01742
1.98232
2.7264
3.03205
1.60253
1.68484
0.588116
1.54715
0.945576
0.641442
2.11188
1.06329
2.50382
1.94918
0.957167
2.60834
0.860211
1.92116
0.607588
2.45956
2.48901
1.06687
1.93121
0.474009
2.65395
0.864929
1.3535
1.21168
2.92393
1.03074
1.48973
2.1683
3.22396
1.67921
0.511621
1.04447
3.21854
0.590093
1.36399
1.83335
1.98899
0.677982
1.48001
2.29239
1.75158
1.58457
0.822832
3.3571
1.16013
0.472448
1.82764
3.2525
1.32399
2.05662
0.869629
0.526312
0.704688
1.69941
1.32265
1.59383
1.24814
2.59956
2.23098
2.92835
1.31964
1.67256
1.10851
2.5816
1.62832
2.71803
1.98127
1.50446
3.16287
1.26443
3.6957
2.35845
2.15621
2.6775
3.97409
3.99603
2.71684
2.90865
2.17412
1.86249
2.18921
1.3632
1.5215
3.15664
3.22178
1.70439
0.203274
0.54734
0.907112
1.84963
2.6457
2.58088
3.39777
0.963987
1.96602
0.726279
3.1409
2.77695
1.33969
1.09512
1.94025
1.17899
1.45845
1.53723
0.619763
1.93629
2.58961
2.31033
1.50897
3.99511
0.916263
3.72581
1.5011
1.26354
3.59966
2.94904
1.33718
1.66039
2.14325
1.77275
0.842704
0.726111
1.07914
1.94626
3.0831
0.566179
1.95142
1.44214
1.59169
1.73305
1.16546
2.37892
2.97159
2.12559
2.7327
3.59987
1.2917
0.392671
1.10432
1.12678
0.974816
0.615451
0.711852
2.35711
1.72599
1.04095
1.70697
1.0486
1.56291
0.55586
2.30255
2.46548
1.0443
0.850168
0.276115
1.57809
1.16226
0.920934
0.743
2.14891
0.812797
0.642139
3.55246
1.87067
2.13099
1.16563
3.65898
2.5832
2.98248
1.04192
2.62021
3.563
1.97536
2.25102
1.09509
0.903525
2.39211
1.44497
2.13228
4.1904
2.30785
1.54552
2.68501
2.89425
1.24879
3.20596
2.84813
1.0582
1.48392
0.376706
1.82836
1.99211
0.657285
1.18635
1.4418
0.201206
0.950387
1.29088
1.04279
