#CONFIGURATION
#seed:                1357558495
#number of particles: 961
#lattice space        3
#axial ratio          1
#box_width:           93
#box height:          80.9423
#lattice type:		 triangular lattice
#particle speed:		 2
#runs:			     0
#nogui:			     1
#logname:             A33
2.42006
3.21044
2.33008
0.14058
1.53236
2.97663
4.08494
1.73128
1.39174
1.25504
1.67435
0.803252
4.40276
1.05605
0.445718
1.07857
1.10722
2.34211
2.50294
2.94741
0.919607
1.21197
0.349192
3.18642
2.1367
1.51487
0.727953
2.54246
1.54333
0.083959
0.576276
2.75852
0.423181
1.62947
0.702979
1.15346
3.00845
1.07354
1.62335
1.46041
4.49729
1.85867
1.16724
1.61728
2.41641
1.06536
2.04872
0.245863
0.948795
1.12869
2.0099
2.00055
2.28727
3.05709
1.36764
1.90313
3.33293
0.875451
0.579668
1.45629
1.99667
1.22647
2.2256
1.66463
1.98081
2.37322
2.22759
4.41309
3.46664
0.381264
1.53354
1.69498
2.84777
3.43084
2.57781
1.62918
1.69326
0.987708
1.33144
1.57391
1.44648
3.25096
0.826639
0.727647
1.51705
1.53437
0.994407
2.31271
1.34975
1.27139
1.5338
1.88675
3.01579
2.02814
2.7983
4.00868
2.91055
2.37808
4.1713
2.93639
4.47265
1.31255
1.19971
1.42998
2.18385
0.820156
1.54739
1.54991
3.11286
1.08039
1.79463
0.962839
2.6418
2.41636
1.85734
2.06579
0.664598
0.655867
2.1412
1.60111
1.35404
2.68599
2.84692
1.96364
2.54289
2.12809
1.6265
0.982229
1.59014
1.5085
2.16943
2.79118
2.09005
1.98602
2.06171
2.21687
1.46269
1.15039
1.53356
1.25581
1.5259
1.53569
1.2065
1.62251
1.83701
1.65729
1.40486
2.26219
0.947595
2.38328
1.86267
0.954654
1.15087
2.57835
3.05545
1.5576
2.14065
2.45277
2.91973
3.07523
1.53224
1.4727
2.93499
1.82981
3.39026
0.73223
1.43408
1.81881
2.1266
2.0094
2.45617
0.50128
1.19849
1.60319
0.890727
2.13442
2.00147
1.89779
1.35958
2.19679
1.23646
1.54199
0.49748
2.29523
0.473956
0.912164
0.611027
1.97045
1.67415
2.38973
0.982879
0.989758
4.09583
2.24509
2.12464
1.87897
1.53954
1.96506
1.78106
1.81601
1.04081
0.866513
3.15417
4.77199
0.710779
2.08641
1.53866
1.18169
3.85835
1.81315
1.63894
1.40864
1.02256
0.399474
1.46491
1.8314
0.676617
0.593095
1.03235
0.909224
1.81226
1.88297
1.33827
1.12339
0.46197
2.92877
1.81004
3.69892
2.21003
1.13088
0.716483
2.03019
1.64964
1.89199
2.18966
0.88716
1.54723
1.85701
1.54861
1.56981
0.821758
1.99626
0.504982
1.93598
1.39001
1.18283
2.01349
0.682688
1.85404
1.37322
1.72822
2.91715
2.2358
2.62835
2.0872
1.31128
1.12394
3.03618
1.14696
2.67609
1.78507
1.93342
2.21652
1.57014
1.79229
3.23809
1.39626
3.85517
1.61024
1.32711
4.12729
1.94259
1.44091
1.23028
0.426624
3.31115
1.77889
0.379469
0.318044
1.06076
0.493308
1.62811
0.930368
0.311543
1.23653
1.55067
0.609952
1.51004
3.58147
1.27665
2.31417
2.67165
3.81234
1.25158
0.754202
2.62346
1.94172
3.1724
2.90848
0.839577
2.94241
0.30323
3.72264
0.727106
2.52479
1.59992
2.08946
2.07766
2.57233
0.662661
0.514853
0.51473
1.42138
2.55357
2.20066
2.45265
4.05617
1.92772
1.78779
1.646
2.37503
3.73267
1.58605
3.82759
4.17725
2.92178
2.22293
2.72814
2.31478
1.22293
3.41017
1.10186
1.60372
1.47174
1.70494
3.08263
2.28155
2.27906
2.37024
0.66866
3.74442
0.959937
0.683729
1.72283
0.423447
2.62599
1.35363
1.78191
2.79259
1.95127
0.925536
1.05118
0.478593
0.933155
2.48438
1.54669
1.76887
2.30918
1.4244
0.866912
2.73448
1.06203
2.41134
4.26251
1.61231
1.73673
1.45968
0.503256
0.862025
1.74941
1.1634
0.897515
1.77189
1.7375
0.700025
3.84213
1.52655
2.25447
2.53424
1.45775
1.35037
2.30855
1.17119
1.45784
1.65164
2.62359
1.26848
0.95734
1.66148
3.36255
1.4172
1.17726
4.20565
0.302026
1.69737
0.919089
0.180854
1.64497
1.48776
0.956308
1.88749
1.88373
0.91552
2.30868
1.72869
1.11146
1.66986
0.691428
2.75835
1.10205
0.375323
0.997322
2.06597
2.14988
1.68534
3.81193
1.64327
1.57988
0.191172
1.92742
0.893354
3.17572
1.18729
1.67074
1.75006
1.55554
0.679682
2.20546
0.428105
1.25004
3.31897
4.2513
0.366147
2.12467
0.310118
2.25369
0.783776
1.03742
1.57195
3.35803
1.19155
1.54263
1.94602
2.23996
2.78464
1.38642
3.62822
0.740225
2.58487
2.69396
2.49423
2.48494
1.90499
1.76444
2.53486
1.7715
1.16997
1.49367
3.19794
1.94201
2.14799
1.25664
2.04543
2.9112
0.90982
2.40878
3.08775
1.85355
1.44378
2.25249
1.08779
1.10648
1.66712
1.40128
2.11152
1.36485
1.54054
1.29677
1.95177
0.217299
2.44147
1.73128
1.63283
1.49865
0.659737
1.10483
2.83659
0.886614
1.24458
1.38158
0.491683
1.13424
1.18878
1.5232
4.04866
0.582858
1.10259
2.41822
1.20035
1.71609
0.828615
2.74738
1.86892
0.969968
3.18648
2.02465
0.37453
2.90357
1.32646
3.04554
2.80849
1.25202
2.29043
2.41692
0.940921
0.859858
2.09811
2.976
2.35745
1.15037
1.17234
1.40495
1.22372
2.05391
1.22505
1.75354
2.94338
0.962572
2.10033
2.14831
2.56478
2.8781
2.14579
1.86477
2.32048
0.996237
0.790245
2.54627
1.049
0.795613
2.63027
2.00626
0.769551
3.26234
1.02508
2.25987
2.34922
1.82482
3.61468
1.11008
2.13247
2.74134
2.69549
1.46952
1.42626
1.7603
1.76625
1.97437
1.63535
2.71876
3.08757
1.28641
1.71779
2.48422
1.56756
1.52138
3.32461
0.894876
1.03828
1.65581
2.01952
1.91282
0.743293
1.76889
1.54234
1.76276
2.25941
0.203873
3.36297
2.54958
2.62315
1.18088
1.17905
2.3634
1.39664
0.98848
1.356
2.70546
0.758639
0.895257
1.25084
1.20539
1.20252
3.36657
3.98021
3.6127
2.63356
1.74593
0.951468
1.36331
1.37507
0.689579
2.48455
1.65625
0.974042
2.30262
1.61861
1.00532
2.71337
2.15944
1.31657
1.09214
1.9275
0.302072
0.897431
1.28017
0.486038
3.35067
1.20956
0.432519
0.866407
1.80463
1.53734
1.66322
2.34425
0.812236
2.68216
0.364556
0.6407
1.15373
1.1097
2.8414
1.3057
1.38389
1.47291
0.190012
1.88222
2.42483
2.49635
1.87276
2.32242
3.30976
1.34242
3.35751
1.05102
0.955438
1.75236
0.965742
3.52833
0.6504
1.50536
2.96914
1.46355
1.57605
1.2323
0.726618
4.49659
0.979849
1.68626
3.04934
1.80067
2.34985
1.41642
2.19267
2.31526
2.21853
1.61462
0.414544
2.01725
0.322876
1.83325
0.177513
1.09041
1.17445
1.35127
1.83763
2.99719
1.70006
2.02215
2.71778
1.24914
2.44832
0.270784
1.65027
1.8492
4.67383
3.38724
1.74014
2.2522
1.46632
0.503014
1.63091
2.03191
3.45399
0.657761
2.27331
2.52089
2.11569
0.0570298
2.19923
2.40407
1.17398
2.14425
2.01333
2.45753
2.96799
2.32528
2.92171
1.02773
1.27858
1.5004
0.711554
3.68639
0.956775
2.90539
2.18404
1.71866
0.906751
1.4857
1.1808
0.924342
2.74616
1.65611
3.16113
0.463948
1.67454
2.19786
2.76155
1.51204
0.603548
1.07597
0.860051
2.25887
0.866587
1.16058
1.6714
2.77069
2.28984
0.368447
1.00533
2.09634
1.49842
0.964782
1.2292
1.06876
1.68457
0.764068
2.13303
2.46144
0.905241
1.77991
2.30587
1.14125
1.92605
1.08526
1.84709
3.73915
0.8767
1.4573
2.75219
1.31377
1.05605
3.7462
1.31346
1.5043
0.673745
2.203
0.863284
0.825276
1.03036
2.25694
2.12364
2.72382
1.42804
0.819735
2.28989
1.65238
0.563781
2.4601
1.14901
1.11186
0.687981
1.54089
0.567251
2.00466
3.33241
0.540498
2.49035
1.08618
2.623
3.76075
3.63531
2.01426
1.35746
3.28037
2.72651
1.36101
2.19159
2.22596
1.75499
0.916268
1.28985
2.76628
2.36329
0.757116
1.61199
1.82201
1.96182
0.48034
2.707
0.841174
2.46184
2.7266
1.39168
2.21307
1.33088
2.67872
0.887094
1.03113
1.9216
3.12512
1.34873
1.55261
2.08422
2.531
2.48666
1.3298
0.526326
4.52945
0.963739
2.44347
2.46616
2.22136
2.98477
1.78553
0.806183
2.1105
2.52424
1.06077
1.72083
1.70179
1.18239
1.4207
0.552101
1.4603
2.12405
0.6952
2.17842
1.15282
1.99058
1.00152
0.41303
1.96717
1.58746
2.49061
3.02247
2.97921
0.915846
1.93785
0.772012
3.33252
3.23669
1.74622
1.62428
0.507299
1.28735
2.33183
1.17289
0.636988
0.654827
3.66432
2.89237
1.78779
1.92614
1.86258
2.42396
3.30416
0.209372
1.79038
0.263094
0.971001
1.20264
1.44745
2.31255
0.672466
1.12999
0.679433
1.77924
2.69506
2.12404
2.65889
2.35552
1.02196
1.20594
0.336925
3.22664
2.02297
1.68092
1.44576
4.35944
0.1722
2.97856
0.46336
1.62208
1.49756
2.21268
2.15214
2.92128
1.03642
1.7658
2.66539
1.15712
1.54692
2.64801
1.926
1.05107
1.63
3.06227
2.67801
0.821252
1.21685
0.977338
2.12581
2.377
2.70427
1.69187
1.4133
1.06519
0.604421
1.23563
2.00772
2.73679
2.71698
0.202422
0.283717
2.73218
1.8323
0.235373
2.48792
2.70127
2.32205
0.838473
2.94718
1.25127
1.59562
1.14903
0.754096
2.07414
1.77206
1.40128
1.71759
1.98787
0.982161
2.52118
2.59116
1.42538
2.55963
0.748297
0.42779
1.4856
3.94984
