#CONFIGURATION
#seed:                1357558510
#number of particles: 961
#lattice space        4
#axial ratio          1
#box_width:           124
#box height:          107.923
#lattice type:		 triangular lattice
#particle speed:		 2
#runs:			     0
#nogui:			     1
#logname:             A34
1.20715
2.0615
2.60539
1.73837
1.37263
2.7677
2.70023
3.3469
2.10996
2.32681
1.06091
0.978743
0.686846
1.89037
3.13529
2.1477
1.14028
1.53532
0.952553
2.01061
0.607527
3.45584
1.27132
1.00988
2.11811
1.81525
0.89219
2.39309
0.364991
1.20019
1.34568
3.76878
2.65308
1.04414
3.97378
2.52989
1.61145
0.889945
2.029
1.64662
0.887556
2.7747
4.08741
1.44467
1.54037
1.27457
2.06338
2.29929
2.49297
1.65318
1.76358
1.96001
0.751145
1.23757
1.07521
1.48484
1.20161
0.622671
2.41492
2.702
1.8273
1.30871
1.42531
1.67088
2.1
1.16258
3.13571
3.0215
2.0325
1.50886
1.68707
1.66533
1.93847
0.807632
1.76469
0.311164
3.0327
1.03827
2.17781
1.76246
2.2581
2.55074
1.74039
4.4549
0.642463
0.53526
1.58964
1.58473
2.10486
0.623987
2.86644
1.31382
1.26377
3.20176
4.07618
1.27782
1.10074
1.02163
1.82312
2.37802
1.97437
1.45251
1.87617
1.97528
3.32809
1.41731
2.85858
3.14348
1.91201
2.28149
2.17316
1.40233
2.08641
2.79019
1.33322
1.82672
0.688398
1.47786
3.16666
2.14651
0.777601
1.51123
1.24201
1.63415
1.83775
1.20476
2.10365
1.53015
1.10569
0.924974
2.15014
1.74313
1.78576
1.18334
2.90131
1.81615
0.659073
1.21607
2.18949
0.617703
0.791173
2.55652
1.23664
2.62149
0.484215
2.10196
0.922453
2.92416
1.64663
2.80805
1.76913
1.57578
3.79431
1.7992
1.06177
2.21471
1.53065
2.26212
1.63796
2.01446
3.02221
0.655928
1.11421
3.91406
3.58813
2.68526
2.81135
1.11688
1.88013
2.08086
1.22657
3.09703
2.71737
0.349755
2.0667
0.835285
2.59137
1.27171
3.01451
1.7251
1.53903
3.06734
1.86788
2.24175
1.66169
1.34086
4.55434
2.03882
2.90722
1.39501
0.96005
2.0954
0.698116
1.68948
0.886827
0.547452
0.933209
1.80872
1.73454
0.375043
0.503369
1.86124
0.284816
1.43949
3.48998
3.01214
2.6216
1.71438
2.58689
1.08274
1.73477
1.66993
1.36786
0.35687
0.794529
3.94744
1.18295
0.698871
0.987266
3.69963
2.67386
1.0522
1.96947
0.921083
1.17427
1.01977
0.823397
0.427055
1.39051
0.572414
2.34327
0.235842
1.9638
0.493938
1.98619
3.59663
2.05786
1.93279
2.89612
1.75996
1.19755
2.87688
0.203096
2.56138
0.902668
0.845415
0.349644
2.60737
2.41132
0.80084
1.77426
2.33243
1.11072
0.889451
1.84319
0.525159
1.0456
1.63738
1.41369
1.21925
1.10295
1.83006
2.28741
3.09313
0.999345
1.17528
2.30532
2.09263
1.90386
0.312682
1.06181
0.94247
3.50883
2.94729
1.60012
1.05502
2.05505
0.141733
1.25358
2.63612
0.277159
3.16986
2.21203
0.705731
2.31054
1.88395
2.29382
0.122252
1.66856
1.13898
2.78022
1.30791
2.21924
1.32058
2.10321
2.9893
0.576509
1.55952
1.79496
1.90181
2.09963
0.494612
3.05726
2.78726
0.764504
1.82353
1.17538
2.50192
0.817186
2.08509
0.297849
1.69673
2.04544
1.68418
0.745099
1.84805
1.32677
0.734256
1.82189
2.72773
1.47991
1.30414
1.33187
1.98486
3.64585
0.661511
2.32907
1.05581
0.700916
1.53665
4.02788
0.947476
1.27258
2.40783
0.444088
4.59985
2.19616
1.61469
1.48014
1.7961
0.97767
1.3758
1.69544
0.997065
2.03435
1.75774
3.56146
0.881083
0.760519
2.06824
1.14355
1.72485
0.339109
2.1177
2.53067
0.375191
3.25853
2.39962
1.71809
1.25892
1.83182
2.30368
0.3667
1.15096
3.96293
2.26118
1.90347
3.72373
0.832118
2.26629
3.30654
1.02079
1.22818
0.603995
1.72686
1.08211
1.07882
2.26284
1.68117
2.92676
1.76791
1.02242
2.14937
1.84739
1.91395
2.01954
3.06887
0.855083
2.4228
2.60554
1.80617
4.55486
2.30575
0.915841
3.74218
2.57192
0.712659
1.65159
1.33932
0.866763
1.54572
1.3175
2.06227
1.5613
1.13252
1.717
1.54199
3.05657
0.879663
0.860871
3.00234
2.59372
0.704357
2.87241
0.332681
1.01146
0.806089
1.10819
2.86707
1.54871
2.51716
2.09252
1.67915
2.45473
2.92604
1.44839
1.97882
3.2682
1.65706
1.97853
0.761374
0.598664
1.49807
1.39595
1.6689
2.41855
1.26961
2.4069
2.52975
0.54707
3.2216
1.65766
2.0084
2.40984
2.85263
1.3665
1.09104
1.61741
0.557961
2.77261
0.938098
1.53231
0.816556
1.13345
1.42887
1.30471
1.28479
2.98253
2.08162
1.16504
1.87143
0.925636
3.68709
0.824445
1.53168
2.7286
3.50624
1.76614
0.806666
0.339012
0.616593
0.775837
0.918463
3.66063
2.35144
1.9604
1.7552
0.872767
3.59305
4.53213
1.03947
3.00153
1.61113
0.299454
2.27244
1.96042
1.4552
1.74663
2.20047
2.05672
2.56429
5.19262
0.707095
0.364798
1.29883
2.16697
2.30268
2.00602
2.62084
0.39548
0.413365
2.23712
2.57648
1.89342
3.26362
1.41596
5.60469
3.27033
2.35239
1.47768
0.674389
1.43454
2.48168
1.16162
3.55245
1.24407
1.20319
2.12595
1.57342
1.54317
1.54626
1.19265
2.19617
2.7325
2.35212
1.65785
2.56262
1.10277
1.74541
4.18547
2.34268
1.23244
1.78633
3.57759
0.424653
1.4081
0.428866
1.09563
1.10099
3.16915
2.8055
1.67058
1.58397
2.30059
2.06571
2.39269
3.09654
1.60191
1.07852
1.28025
2.89784
1.54058
3.61347
2.63667
2.7213
1.66315
2.00391
1.57247
1.41623
1.17294
0.766585
1.95508
1.65097
0.653339
2.82093
3.66819
1.01021
1.6875
0.874029
1.62059
1.14983
0.190181
2.3813
1.07288
2.95744
1.47691
2.752
2.35755
2.13724
2.42421
3.73006
2.65141
2.12327
0.769785
2.56845
2.64378
0.311863
2.39896
0.459308
2.14562
0.436656
0.700601
2.03126
3.06456
0.858098
0.984819
1.54427
2.32543
1.01246
1.27912
2.7809
2.09331
2.5721
1.50744
0.520346
1.09958
1.95071
1.38908
3.19909
1.92666
0.544059
1.2424
2.80743
2.0889
2.18375
2.91969
1.24525
0.64947
0.721721
2.25965
2.86414
0.937703
2.00823
1.13315
0.569384
1.19137
2.13312
2.58297
2.48114
1.94055
1.87951
2.3023
1.75115
1.68506
1.17137
2.19527
1.09871
0.730382
2.10793
1.59843
1.01535
2.99184
0.723296
2.07506
1.72719
1.24877
2.86725
1.10022
1.09489
0.721906
1.2729
1.6228
1.09376
3.77159
3.81423
1.17134
1.4547
2.49891
1.39283
3.00818
1.88642
1.67322
1.88625
0.590065
2.80327
2.32923
2.03004
1.77003
2.72287
0.930279
1.2575
2.9747
1.91069
1.72931
2.74822
2.38388
1.60483
4.64913
2.07231
3.45565
1.32488
2.62459
1.91105
1.64758
0.500444
1.38897
1.6458
2.09435
1.27466
1.07677
1.28142
2.55963
2.25579
1.52335
1.00068
1.55563
5.9502
2.49406
0.55959
2.18151
2.3623
3.05797
2.06211
1.43309
2.06861
2.11306
1.70524
1.27236
2.29004
1.38157
0.778884
1.89652
1.61846
1.29027
1.5086
2.50845
3.4834
1.71772
0.203535
0.894732
2.75202
2.13912
0.936224
1.14346
3.67082
3.3791
0.954776
3.09069
1.16194
0.671813
2.31783
1.90869
0.758521
0.82936
1.22196
1.9508
1.49091
0.70741
1.60464
1.49044
2.0851
0.856156
2.2569
2.33787
1.02416
1.21124
0.407579
0.845661
2.11832
3.55459
0.12607
2.17455
1.37975
0.444236
1.62617
1.89764
1.99245
2.05098
2.40022
1.37501
0.773002
0.552104
2.97725
0.989209
0.70728
1.9891
0.0905419
1.16555
1.91642
2.86111
1.31352
3.1822
3.4296
1.86972
1.85371
0.725761
0.940238
2.66215
1.23837
1.4838
2.28966
1.80226
2.35007
3.64359
1.71915
1.88213
1.62349
0.333921
2.5005
1.71234
0.350631
0.820903
2.06089
2.88348
0.94401
0.116481
0.849092
1.02452
1.22621
1.30556
2.03313
0.999523
2.00023
1.62229
3.22815
2.81756
1.70368
3.2786
2.01056
2.35666
3.34663
1.14081
0.938717
1.79309
2.87484
1.25893
2.67161
1.32002
1.06649
1.1166
0.602085
2.25093
2.14741
0.400167
0.331497
0.777397
2.1574
1.82352
3.39403
1.27264
2.14084
0.825423
2.06266
2.84277
2.85126
0.339914
0.766023
0.730812
2.27882
1.75363
2.47083
0.476567
1.99073
2.71253
1.17744
1.01603
1.38684
0.607604
2.21148
0.234917
1.48507
0.619859
0.980113
2.03032
3.36608
2.16917
1.80692
1.36364
0.929305
0.993437
1.08717
4.13346
2.33449
1.90484
2.16653
0.912838
0.457074
1.23531
2.50431
1.3486
2.00937
3.37267
2.35648
1.53714
1.69317
1.90556
1.54216
3.28509
1.19082
1.25693
2.74906
0.260989
2.28073
1.59798
0.704751
2.46141
2.80259
2.08393
1.42165
2.22635
0.887876
2.49494
0.985761
0.368072
2.42531
2.06438
2.8365
0.364939
2.02357
2.82041
1.09326
0.424765
1.25672
1.68908
1.44224
2.55001
1.59771
1.02042
0.658182
2.29318
2.17586
1.88045
2.49283
1.27183
2.26502
1.76464
1.02122
0.584722
2.02709
1.99813
0.737513
2.74581
1.76497
0.454136
3.13126
1.8783
2.54203
1.52116
1.39926
2.73457
0.947835
1.9714
0.581046
2.24531
2.36398
0.968126
1.60107
1.50158
0.685737
2.89759
0.202093
3.36423
2.57855
1.95252
1.92964
1.35434
0.449688
1.56319
0.260944
2.24655
1.27871
0.916897
1.62758
2.9421
1.3594
3.08968
2.06841
2.19111
1.05941
0.497096
2.08684
