#CONFIGURATION
#seed:                1358154236
#number of particles: 961
#lattice space        2.22
#axial ratio          1
#box_width:           68.82
#box height:          59.8973
#lattice type:		 triangular lattice
#particle speed:		 2
#runs:			     0
#nogui:			     1
#logname:             A3L222
1.59192
2.16514
2.47946
0.149066
0.522389
0.697483
1.00258
3.66477
1.34844
2.38702
1.00694
1.51739
2.76391
0.865832
1.115
3.03369
1.71744
1.17739
0.89346
3.31254
0.190719
0.780357
1.34035
1.21859
3.6869
1.24527
0.953774
0.464259
1.61114
0.754342
0.322913
2.11214
1.17284
1.31918
1.60972
1.53748
1.9464
1.08778
1.45253
1.0327
1.3749
1.76228
1.07453
1.03717
0.474026
2.64519
2.53993
1.35817
1.13267
2.50132
1.43119
1.52225
2.91375
2.45053
3.59401
2.71789
2.63351
2.2916
1.29197
1.93308
1.8655
1.50391
1.18703
3.77825
1.83478
2.62626
0.849188
1.77227
3.18573
0.718358
1.61878
2.73238
0.918101
1.82132
1.16073
0.761354
1.67977
0.843559
1.60954
0.486642
1.78854
1.57657
1.98596
0.812606
2.88051
1.47182
2.42357
1.28803
1.28362
3.52567
2.04335
0.940269
1.88459
1.53977
2.8115
3.90648
1.50422
1.65617
2.19075
0.582769
2.88572
1.53214
1.69104
1.40917
2.80063
5.29857
0.420045
3.09486
0.40662
3.5832
2.10094
2.87908
0.825148
2.13059
0.696097
2.68788
0.940129
1.1002
1.08933
0.913841
1.09041
0.731523
1.39101
0.902012
3.65068
1.7012
3.90406
2.72196
1.52421
1.24798
1.31475
1.41882
1.32757
4.17348
1.4994
0.289178
1.86438
0.488363
0.761855
1.43008
2.40478
2.70135
2.66235
2.12119
0.923351
0.564592
2.01984
2.86324
0.139213
0.416642
0.214495
1.62219
3.45151
1.22157
2.28922
2.55994
1.69741
0.882414
2.56121
3.53152
1.08979
1.0517
1.42136
0.744734
2.51372
1.64504
0.862528
0.816243
2.75962
2.09312
2.4622
2.57476
1.72274
1.50304
0.751996
1.72644
2.94666
4.46636
3.7825
1.65875
1.87956
0.471864
1.34048
2.50865
1.70581
3.11358
1.93484
1.47975
1.92373
0.753983
1.13158
3.22376
2.28052
0.959395
2.90365
2.11723
2.46702
1.8092
0.355048
0.789825
2.55158
2.97323
1.36329
3.48925
1.86061
0.94547
1.01533
0.732032
0.931611
1.17939
0.667273
2.6129
1.7542
1.47659
2.60624
0.772149
1.08037
2.0304
1.0201
2.05888
0.630808
0.970331
2.76908
2.07577
1.63063
1.66051
1.5559
1.95804
2.97101
1.28524
2.4126
3.34646
1.53587
1.46568
0.746974
2.11849
2.53516
2.0469
0.784137
3.25976
3.64524
3.85757
2.79255
0.979362
2.33588
1.61396
2.08068
2.09479
1.1357
1.01383
2.51501
1.71669
0.950835
1.05189
1.38969
1.98832
2.10303
2.26289
1.92352
2.19885
1.44332
2.23464
0.78485
1.17486
0.489495
1.34888
3.23031
3.70858
3.18032
2.45755
1.29677
2.56767
0.682466
2.03122
0.68062
3.0828
4.20688
1.51906
1.31843
1.47037
1.65037
2.4472
0.836936
2.30187
0.629925
1.68509
1.38271
0.510453
1.57044
1.40907
1.51925
3.73917
3.68558
0.965914
2.05872
1.96942
2.39931
3.10164
2.80495
2.50277
3.84168
3.48306
1.33919
2.60175
0.391454
2.55181
1.49838
0.572926
2.43379
3.07079
2.53483
2.55133
0.799576
3.51295
2.88807
1.24243
1.97197
1.34411
1.68335
2.23214
2.92981
1.85218
1.50468
1.39436
1.10226
1.65329
0.382216
1.34752
2.01877
1.71146
3.25404
2.52143
2.85994
2.51552
2.77621
1.3911
1.94588
0.2758
2.76518
0.541339
2.49519
3.11946
1.07125
1.86066
1.94302
2.13984
0.972433
1.01033
0.548349
1.08175
1.61672
2.26123
1.75751
2.47123
2.41443
0.950021
1.17044
1.3113
2.81359
1.56693
1.62335
2.23899
2.2265
1.92184
1.86621
2.19538
1.51605
2.03773
2.04089
3.62896
0.705985
1.94592
3.40488
2.13945
1.56281
1.44889
1.47055
1.77526
1.33151
0.616911
1.69179
1.47205
1.97352
0.826437
1.76909
2.77892
3.03521
1.93927
1.77725
0.296565
0.481403
0.907922
2.73759
2.22388
1.58172
1.89956
1.69417
2.41967
1.33975
0.739961
2.34628
1.76157
3.46941
2.21376
0.640098
1.58162
1.89215
1.07311
2.0779
1.20137
2.48764
1.48139
0.714427
0.673563
2.02097
2.19387
3.45093
1.1208
3.63167
2.22794
1.66192
2.76331
2.34943
1.14033
0.932938
1.10558
0.841033
1.82342
1.7595
1.79839
1.11186
1.04386
0.905451
0.867411
2.50929
2.22513
2.40669
0.938766
1.21786
0.711602
1.83199
1.52182
1.91716
1.43345
3.18646
4.03429
3.25356
0.926803
2.59788
0.398443
2.74948
1.86466
0.524302
0.312233
1.98725
0.855064
3.70783
3.3142
2.25334
2.12756
1.72719
3.2123
0.640016
2.32616
2.09434
2.19522
1.15742
2.04108
1.10006
0.807817
1.95319
1.14844
1.32068
0.700632
1.49951
1.3164
2.59632
1.83744
1.43673
2.37821
0.944478
1.93539
0.709787
2.13456
1.60804
1.31568
0.891041
2.08378
1.92538
2.88565
0.79091
2.61648
2.05375
0.474647
0.996895
0.239357
1.33507
2.42645
2.09825
1.79982
0.833021
1.00518
0.688043
2.30709
0.133029
1.79941
0.816416
4.40996
2.22865
1.09095
2.48435
2.39155
1.56992
2.19922
0.880531
1.77642
2.2941
2.21055
1.45428
3.15508
1.05051
1.7754
1.19886
0.550185
0.664708
2.30863
0.640168
1.77874
1.08465
1.40324
2.17483
0.921887
0.927301
0.759607
1.75052
1.64423
1.27356
2.22334
0.862565
2.06588
3.10782
4.35966
1.57138
0.356923
2.90204
0.62267
0.914051
1.18798
1.83185
0.862644
2.50528
1.6856
2.21916
1.61106
1.22743
2.23401
1.91826
3.18133
2.10468
1.1957
1.98466
2.14305
1.08142
0.535724
1.39891
0.858514
3.67137
1.44309
1.26499
4.97847
0.989393
2.88358
1.53806
2.59392
0.31269
1.48895
1.90166
1.56333
1.95328
2.19102
0.0882909
2.44581
1.14884
2.26606
1.93441
2.94522
3.13846
4.24431
0.84466
1.19909
2.06158
0.310688
2.96345
2.44312
3.02734
0.699338
2.05555
1.21679
2.20702
1.91197
0.357769
1.90501
1.76648
1.00162
3.04437
2.6553
1.08055
1.0948
0.844252
3.14966
2.45023
1.39071
0.895353
1.36308
0.224334
2.40582
0.341076
1.15661
1.45493
1.23452
2.44865
1.51867
2.08803
0.726106
1.64716
1.3743
2.32683
1.50159
3.0687
3.57995
2.86872
0.504182
2.98688
0.674209
2.45059
1.78451
3.51447
0.212345
0.821125
1.18943
0.836706
0.609668
1.34758
0.726646
0.467229
1.88621
0.985283
1.2029
2.70062
1.44884
1.54811
2.70878
1.67885
1.1267
2.90827
1.86357
2.99551
1.35404
2.65395
4.69504
3.80383
0.282696
1.71389
0.504434
3.0488
3.89789
1.12357
2.88447
1.40973
1.67299
1.74432
2.17993
3.28574
0.535053
1.25047
3.48289
2.19074
2.55513
1.09395
0.524381
2.33228
1.61526
2.28029
1.8106
1.31399
3.24093
1.36144
3.33206
1.69421
3.54102
1.85544
2.31945
1.59941
1.58262
1.0467
2.52261
1.2664
1.32531
0.441091
2.94254
1.1279
1.03147
3.17627
2.75111
2.34011
2.31623
1.92887
1.42944
2.55633
2.24388
0.554014
0.854406
2.31362
2.33591
1.22498
2.11426
3.87165
2.33333
2.20178
0.870587
1.47729
1.98865
1.83356
2.24414
2.25236
1.33771
1.59575
2.18226
1.16968
2.63835
2.77109
2.93463
1.19053
1.32512
3.2108
1.6016
1.03678
0.791514
1.1453
1.73564
0.832618
1.36396
2.45646
2.98652
1.45504
1.35236
2.06082
3.39959
0.649806
1.45185
1.5511
3.63611
1.75093
1.06981
1.12349
0.433063
3.24915
3.16083
1.86358
0.875239
1.29724
1.7146
3.08243
2.63136
0.223908
1.18728
1.94582
0.710605
1.70205
1.30245
1.89153
0.442791
1.18172
1.43373
1.90595
1.91902
2.67693
1.06071
3.29751
0.622561
1.5051
1.47036
1.60086
2.33986
2.7851
2.53653
1.10722
2.88158
1.27523
2.15785
0.996659
2.19986
0.949021
0.308884
1.74155
0.825029
0.925344
1.10654
1.50616
3.4349
2.12428
0.700898
1.27248
1.37073
3.86255
1.88697
1.70542
0.222513
0.867498
0.849116
2.01411
2.21209
2.27167
1.80413
2.6571
0.29078
0.376485
0.945187
1.84975
1.77178
0.290463
1.11082
0.315225
0.714655
1.76064
0.930829
1.90571
1.36757
1.9612
2.33324
1.69643
2.40793
3.67415
1.65844
2.06877
1.53561
1.36002
2.04505
1.41041
0.857196
1.31134
1.83146
1.25644
0.992851
2.77105
2.43503
2.16724
1.40588
1.95729
2.72717
2.93536
0.945397
2.1899
0.782123
1.90174
0.556836
1.4362
1.30212
3.34709
1.25004
1.3546
2.33479
1.43066
1.1657
0.960413
3.21525
1.45816
1.06119
0.636036
1.18085
4.36978
2.94592
2.08819
0.967173
3.19089
1.6519
2.73487
1.02344
1.60224
0.879255
0.967645
2.29554
2.94597
3.82095
4.17034
1.03319
3.05574
2.40037
1.04482
1.52369
2.11434
0.365547
1.50657
1.95178
3.36054
1.27627
1.16146
0.828053
1.97892
3.47014
1.0488
0.616431
4.05349
2.22842
4.54132
1.48486
2.75433
1.40574
0.717798
0.859794
1.22085
2.93649
1.60272
1.26825
0.126713
1.80609
1.39329
0.248557
1.25597
0.978972
1.21895
3.13132
0.346386
0.811267
1.38278
2.11054
0.217864
3.26647
0.664174
1.52444
0.834117
0.665033
2.94503
2.55292
1.92849
0.53797
2.33127
0.421773
1.04903
0.677295
3.17847
1.71041
1.95333
1.91729
1.03408
0.33556
1.90847
1.09063
0.914574
1.50134
2.40107
2.47015
2.07079
0.867228
2.09765
0.43389
1.34784
1.92305
0.98802
2.47822
2.38981
