#CONFIGURATION
#seed:                1358154244
#number of particles: 961
#lattice space        2.24
#axial ratio          1
#box_width:           69.44
#box height:          60.4369
#lattice type:		 triangular lattice
#particle speed:		 2
#runs:			     0
#nogui:			     1
#logname:             A3L224
0.736098
1.70983
2.28099
2.22236
3.61899
2.78998
2.72519
1.93867
1.0558
2.94728
3.08876
1.69496
0.936994
1.77401
2.31259
2.10738
1.68335
0.898018
1.31472
0.846278
0.779103
2.48555
1.84695
1.14216
4.67171
1.82771
1.85078
1.82856
1.64219
0.41545
3.74277
0.577409
1.04965
0.537022
1.76536
0.870145
2.57987
2.25256
0.972557
1.50811
1.94657
1.63928
0.955723
0.817967
3.44669
3.24227
2.84836
0.678144
1.9905
1.74425
1.53197
3.55211
2.18344
1.8688
1.48401
0.777682
2.07551
1.14203
0.897337
2.85921
3.80799
1.42937
2.16965
3.05738
2.13774
3.02132
1.37434
0.575258
2.51315
1.90009
0.919661
2.05612
1.25626
2.77729
3.92552
3.09445
1.81547
2.23181
0.876144
2.18343
1.35269
1.79985
1.26132
1.39357
1.13063
2.48166
0.976941
2.40927
1.32228
1.51772
0.144183
3.06177
2.1365
2.07968
1.25096
3.49483
2.65705
0.457218
2.08594
2.94148
0.831686
0.570868
2.45857
0.575922
3.65791
3.24824
2.47618
1.08849
0.671677
2.49867
2.95556
1.03767
1.05016
1.13591
2.68363
1.70204
3.25094
1.34782
2.74935
1.42787
0.941979
1.20651
1.90921
2.39928
1.6236
1.02806
2.80667
0.661433
0.584107
0.565261
2.24591
1.33073
2.29668
2.42868
1.15576
2.15405
3.6633
0.454601
2.13888
0.881501
1.52413
5.07555
1.64788
1.99443
1.35512
2.45244
1.71929
1.13839
0.30827
1.48729
2.26509
1.51639
3.00915
0.83685
0.596435
2.5933
0.592596
2.76317
1.03136
1.54526
2.79733
1.34902
1.98892
2.30944
3.00985
1.55212
1.93821
2.81162
1.72434
0.234477
3.53018
1.42214
1.53812
0.597651
1.6807
3.59534
2.25729
4.92279
0.980802
1.83133
0.852414
5.0193
2.29903
1.90271
3.32924
1.49035
1.87188
2.09866
1.10643
1.9018
1.01809
2.05257
1.76422
0.897349
1.02748
0.819522
1.85943
2.11689
2.30705
1.37995
2.48457
1.28172
0.992687
1.3034
1.92319
1.5159
0.468087
1.82232
2.35044
2.90533
1.51346
1.91894
1.38358
1.49798
2.62515
1.58726
1.27906
3.04689
4.17922
1.47424
1.5864
1.13157
1.60318
2.52864
1.39242
0.805245
2.93309
2.44048
0.980229
2.52151
1.5726
4.05603
3.5297
1.82961
2.47442
0.800698
2.80667
0.344288
1.48749
1.74005
2.58898
2.11128
0.85886
0.336583
2.65923
2.89062
2.85053
2.12916
2.08188
0.615229
2.66493
2.05871
1.5053
2.17068
2.4345
3.5393
1.88941
2.21981
1.75429
0.201783
2.07791
1.01578
1.98483
2.1549
2.90672
1.84205
1.96149
1.52655
2.04061
0.980757
2.69518
3.52411
0.343005
2.47711
1.53729
1.8089
2.1818
2.66845
2.56274
2.02126
0.417369
1.1674
0.835216
2.47814
1.59729
2.91259
2.2806
1.29796
1.61647
3.67863
0.498509
1.81871
0.745828
2.39868
2.32765
3.50332
0.251971
1.25737
2.17979
2.52214
0.937451
0.29447
1.51237
1.83334
2.00577
1.34731
1.33929
1.00221
1.78873
1.50875
1.13915
1.17411
2.41967
1.20902
0.491666
2.91556
1.05734
2.53515
0.70306
2.83621
0.848528
1.57284
0.982529
0.561012
2.92492
1.56445
2.03208
0.913535
1.82154
3.01508
1.22697
1.39375
3.1156
0.864919
2.90472
1.57345
0.763696
2.50876
1.37036
2.96089
0.9346
2.5845
2.37316
0.930315
2.29476
2.20077
0.409907
1.95241
0.316399
2.24457
1.30108
2.80006
2.67612
0.735678
4.065
1.39382
1.9784
3.58038
1.715
1.96068
2.56719
1.07499
0.757567
2.23022
3.15317
4.38024
1.83251
1.65281
1.20589
2.32605
0.888705
1.89587
0.79839
1.86818
1.49088
1.27703
1.0647
1.76441
1.28149
0.18007
1.72893
2.10649
1.9126
1.44771
0.83059
0.77091
1.05121
0.395843
2.02861
1.4977
2.1192
2.54607
2.90643
1.59963
0.966515
1.01284
0.755443
2.39065
0.609918
0.820344
1.41009
2.0101
2.01253
1.08357
1.99007
2.69064
1.0479
1.07037
1.69169
1.33662
3.7153
0.703252
1.84936
3.76531
1.54587
1.61689
1.44239
3.18651
0.503861
1.92527
1.76165
1.91617
1.0984
1.09654
3.73894
1.81726
2.38861
1.36835
1.89443
0.864345
1.32053
1.81825
2.44436
3.01406
1.4755
3.02995
1.45678
0.726783
2.94889
2.99772
0.317152
2.02949
0.837713
0.967006
2.20575
2.56431
1.52551
3.55704
3.75813
1.29518
0.821
2.35505
1.82016
2.52729
1.07338
0.445552
3.02133
2.53242
3.09182
1.57082
0.916881
0.446362
0.725583
1.55796
1.5428
1.94434
3.7511
2.52545
1.49054
1.74343
0.851548
5.13304
1.5178
1.21814
1.81765
0.430629
1.25881
2.28806
2.3852
1.65173
2.55155
2.37678
3.26989
1.0807
1.4537
0.808996
3.88868
1.33974
1.18653
2.5307
1.95983
2.30803
3.8163
2.35991
1.63258
1.46491
2.455
2.75106
2.38026
2.10652
1.7152
2.23557
2.40209
1.5226
1.13048
2.5285
1.57028
1.69452
3.22509
0.710163
1.80967
1.92849
1.00297
2.43845
1.55475
1.41624
1.62153
5.87374
3.01757
1.02247
1.9116
4.34281
2.75535
1.91101
1.56702
3.89708
2.68857
2.21619
2.19854
0.527864
1.15588
0.417704
0.85183
0.287021
1.0574
2.68047
1.62556
2.0467
1.74621
1.15533
1.15801
0.818814
1.7812
2.58824
1.59834
0.75599
2.18038
1.2463
1.10112
0.797943
1.22182
1.11175
0.909902
0.732971
2.41723
1.21013
1.6312
0.955204
0.332483
1.75786
0.54106
1.49295
0.829901
1.42516
1.74707
0.840738
1.41283
2.13088
2.47424
0.728287
2.44493
1.83439
1.94294
2.20711
2.51208
1.15166
1.96328
2.37312
2.864
0.760728
1.16686
1.7052
1.8215
0.810538
1.41987
1.77861
1.93143
1.15309
1.55352
0.95943
3.50845
1.38172
1.01874
1.89931
1.2583
1.88552
0.648162
1.88429
2.12754
1.49279
2.48058
1.08579
2.32749
1.68681
2.01638
1.87626
2.48906
0.988204
0.708114
0.601773
1.41683
1.29091
2.71132
1.84223
2.00677
1.82715
0.571686
1.911
3.81574
1.35626
3.58931
1.95343
0.127644
0.999903
0.572454
1.39989
1.31939
2.5014
2.31311
0.847449
1.64058
0.45256
2.51944
1.43311
1.03779
2.265
0.674018
2.02356
0.934823
1.93203
2.18001
2.1827
1.95543
1.64214
1.01634
2.29293
1.53888
0.548285
2.21527
1.58937
1.02393
1.06681
2.80187
0.890397
0.69607
1.99203
2.88624
1.0782
2.59139
1.86809
1.84516
1.01215
1.92961
0.998759
2.31524
1.96091
0.138429
1.15427
0.578404
2.51623
0.851972
2.85239
2.4146
1.69627
2.26964
2.26537
1.22237
3.43414
2.36705
1.61005
1.98177
1.96556
2.15225
0.570325
1.16356
0.412334
2.41123
3.29069
1.66617
1.78235
0.928453
2.27722
0.768164
1.81815
2.84232
1.19175
0.231223
3.77795
2.51451
1.63405
3.33816
2.16867
0.506177
0.759743
2.14549
1.92468
1.15287
1.12518
1.85725
1.40061
1.4649
1.57742
1.22259
1.75572
2.17176
0.374358
1.12832
0.174532
1.35883
1.67498
2.24145
1.16059
1.15461
2.81656
1.42392
1.17782
4.27796
1.24153
0.676086
0.293193
0.553962
2.69381
0.663767
1.32686
0.710354
1.12303
0.918412
0.916719
4.3021
0.501547
1.23777
1.35761
1.29506
3.67367
1.13233
1.90389
1.32082
1.97486
2.00863
1.73238
1.95885
0.868334
2.87021
0.997625
0.648099
1.93933
0.595952
0.837861
0.461579
1.26993
3.5242
1.09545
1.53031
2.52378
1.56605
1.03609
3.32269
1.27254
1.48928
3.10854
0.706208
0.915663
1.8832
1.63809
2.58576
2.8677
1.52932
0.74293
0.488006
0.910434
1.89909
2.2963
1.292
0.30388
0.662696
0.981432
1.42136
0.732971
2.08511
1.6231
1.47899
1.95332
3.16096
3.03434
1.88092
1.31366
2.16362
1.8846
1.19091
1.8668
1.7612
1.05649
1.70234
1.49443
1.38986
2.05424
1.27052
3.04636
2.72748
2.3969
0.715038
1.68575
2.50845
2.13922
2.04968
1.68718
2.52893
1.79068
2.77087
2.10453
0.648812
2.4261
1.69884
2.63375
1.79384
1.8622
2.02343
1.86396
2.04147
0.535927
1.98786
2.23604
0.822732
1.48734
0.319873
3.48539
1.00691
1.38947
0.644922
1.9418
3.55516
0.711012
1.42688
3.05206
0.786062
0.449858
0.65587
1.05784
3.77411
1.59266
0.714638
1.93872
2.59715
2.61697
0.812281
1.3765
2.56237
1.49059
1.08066
0.112106
1.56553
1.51263
2.03924
1.13174
0.310586
2.12234
2.50442
2.41113
1.53968
0.439617
1.8767
2.07054
2.45578
2.37644
1.28487
3.32822
3.0156
0.0780804
2.14986
3.2293
1.27142
2.8009
1.76081
2.01532
0.221754
2.17485
0.921218
1.75508
1.30609
2.49876
3.05798
1.47127
3.93488
4.11848
2.80293
1.35341
2.57563
1.01119
1.37079
2.21568
2.23366
0.3976
0.883648
2.79544
2.14817
1.59968
2.72507
2.24795
2.75655
4.18674
3.09691
3.14258
1.93184
0.621812
0.418597
1.8915
1.15034
2.60279
1.5984
2.05301
0.55278
0.289639
0.879671
2.40896
0.916349
1.40419
1.50819
3.25513
1.1486
0.758526
2.73675
1.74434
0.888796
1.92342
1.74914
1.38188
2.08059
1.05265
2.96965
0.844955
3.15038
0.783383
0.747131
1.55021
3.12971
2.41964
3.2543
3.59619
1.86785
2.45067
2.3992
2.04352
1.92543
1.29749
1.30866
2.16657
1.05422
1.86934
0.892273
1.17387
1.31814
