#CONFIGURATION
#seed:                1358154253
#number of particles: 961
#lattice space        2.26
#axial ratio          1
#box_width:           70.06
#box height:          60.9765
#lattice type:		 triangular lattice
#particle speed:		 2
#runs:			     0
#nogui:			     1
#logname:             A3L226
1.38819
2.44499
0.152057
1.51951
2.63935
2.43036
3.4989
1.28518
2.33255
0.57795
0.760224
0.732655
1.91005
1.30527
0.81952
2.11248
3.96926
0.580519
2.24146
3.19821
3.19264
3.70297
1.93576
0.557145
0.507739
2.57948
3.90168
3.42275
2.45733
0.60522
2.37745
0.848581
0.789561
1.52555
1.44478
3.88304
2.43168
0.98937
1.79558
1.99416
0.970679
2.28331
0.983145
1.9693
1.0886
0.754823
1.06303
2.41893
2.67672
1.31072
3.41406
1.20668
1.99979
1.56394
3.7292
0.933568
2.13854
3.28288
2.55053
2.66121
1.42916
1.79956
0.965015
3.3353
1.62601
1.32084
1.36384
0.240534
1.4859
2.61864
2.73967
1.71755
1.55696
1.59347
1.89412
2.90244
0.790263
2.42629
1.22509
1.16195
1.1064
0.461355
0.448785
2.69328
1.21872
2.13376
0.821382
1.08797
1.14781
2.81158
0.994805
1.63836
0.404435
2.22107
0.0850679
1.87777
2.20643
1.53955
1.4789
3.0678
1.25034
1.26812
2.66794
1.91998
0.788577
1.25406
0.954963
1.67571
2.50856
1.37172
0.974729
1.7723
3.3552
0.569005
1.28868
1.17397
2.09482
0.415605
1.98163
0.62132
0.726715
2.40507
2.40149
2.11154
1.8212
0.86133
1.25992
0.819404
0.164084
1.69644
4.4879
1.56884
0.758231
1.33268
1.1297
0.988553
0.540099
2.89752
0.807732
3.133
2.88294
1.81978
3.75453
0.862887
1.14708
2.04463
0.602091
2.50423
2.68151
1.5643
0.779827
2.46474
1.62467
1.02319
4.97846
3.54511
1.16502
1.76946
2.40699
2.03188
3.24632
0.940428
0.970682
1.48951
1.24283
1.0086
1.26848
1.70778
3.61229
1.02142
2.03975
1.24408
1.99798
1.54223
1.85919
1.17618
1.98189
1.25559
1.68725
2.11402
1.23758
1.52273
3.51226
2.00177
3.37592
1.31057
2.04992
1.2309
1.46375
1.74996
1.242
0.756934
1.64826
1.06162
0.548129
0.853582
3.70826
0.77092
2.37712
2.66041
0.779559
0.658493
1.52545
1.79477
1.51945
1.65774
0.480688
3.04103
1.11588
2.30851
0.839404
1.63794
1.62336
2.12668
1.09721
0.859566
3.74991
2.61323
1.30956
2.52238
1.21375
1.88424
1.82311
1.62493
1.31712
1.90629
1.04155
0.944075
1.26493
0.790638
1.93347
1.16
0.53537
2.49941
2.66887
4.01154
2.72272
1.47765
1.62746
2.52066
0.513636
2.86528
0.872188
1.70199
1.15663
2.17895
1.77631
2.41847
1.49328
0.705886
0.606406
1.02125
2.95861
0.278294
1.67907
0.567673
2.86208
2.18193
2.30685
0.406782
2.60459
2.16921
2.01893
0.061077
0.723091
2.9421
1.37334
2.021
1.66281
0.623681
0.848862
1.75806
1.73343
2.54304
1.69579
3.84391
0.918753
1.18013
0.513499
1.22398
1.277
1.30828
3.41189
2.38399
2.27511
2.53624
2.24061
3.02383
3.42136
0.609208
0.380621
3.22949
2.18626
0.573806
2.75326
0.717508
1.60086
2.18579
3.09992
1.58871
1.05549
0.936756
0.68345
3.58053
2.27702
1.71681
1.06975
1.20712
1.626
1.51789
0.260006
1.92053
0.549761
1.1813
2.83055
3.25589
2.98788
0.921872
0.422388
2.72308
1.44423
1.03476
2.42819
1.43585
2.38178
3.58748
2.37741
0.197813
1.0172
2.63841
1.11176
0.830454
1.43141
2.96856
0.753986
1.79889
0.620085
1.29606
1.20214
0.556431
3.28924
1.49665
2.1943
1.10558
0.32298
2.20018
0.504666
1.25607
3.41281
2.28601
1.88492
0.906426
2.33016
2.41431
1.7051
0.757664
2.24609
1.98103
2.80163
1.60294
1.57294
3.40147
1.36389
2.74835
1.24057
1.78833
3.31316
2.06073
2.72048
2.35973
2.22972
2.23267
1.61669
1.64145
1.19829
1.15073
3.15048
0.791141
3.17649
0.492862
1.62866
2.75166
2.55949
2.30914
1.85596
0.184903
2.06836
1.7827
3.06306
1.02944
3.57022
0.920696
2.22842
1.02968
0.872544
2.44855
0.732608
0.509827
1.38727
1.53328
1.54568
2.39704
1.81041
0.815937
1.97873
2.66631
2.37169
0.807654
0.985289
1.43358
1.72097
2.32726
1.15517
1.15125
1.10183
1.72389
1.94686
2.04586
0.703673
2.33057
1.69738
3.61819
1.7497
1.99814
1.94651
2.52748
1.45752
1.68025
0.205743
1.76363
3.01896
0.783577
1.91545
2.53722
0.500831
0.552206
1.10089
3.53504
1.16709
2.80876
1.1441
4.17708
1.04588
2.30294
1.42773
0.498175
1.17535
3.07519
2.27146
1.19253
0.549177
1.869
0.82773
2.80401
1.65311
1.71565
1.64707
0.890716
1.56702
3.11144
1.00898
0.930298
1.53831
2.20638
1.13879
1.21081
0.989294
0.88841
0.518151
0.262167
1.80274
1.87607
2.55424
1.85445
1.78093
1.41223
0.542791
2.89504
0.985045
0.730026
1.21953
1.00258
2.86493
3.70063
3.332
0.877751
1.24024
1.98389
2.47376
3.03522
1.33488
1.22794
0.916235
1.91714
0.79236
2.57701
0.765339
0.623729
0.538511
2.26805
2.41982
3.62595
1.19935
3.04886
1.56229
3.25884
2.22085
2.09047
1.03268
1.24015
1.18105
1.45538
1.63083
3.38472
2.39851
3.04153
2.22166
0.552156
1.84035
1.3773
1.75443
0.722816
1.24753
1.74908
2.80771
2.56803
2.33717
2.04352
1.89614
1.53212
0.824363
2.32082
1.04648
1.47111
2.43209
1.31763
2.12313
0.959481
3.24185
0.490152
1.13787
1.41786
2.78801
1.56964
2.08372
1.475
0.837476
0.929525
1.14996
1.69588
1.56383
0.480276
3.02685
1.97664
0.425169
1.95893
0.804477
0.430238
1.27119
1.70548
0.164629
0.836659
2.49398
1.96845
2.34568
2.76268
0.697664
1.94072
0.852307
3.40864
4.39024
1.3974
1.43593
1.2107
0.930854
1.91633
2.51583
0.6141
1.23355
2.84312
2.05546
0.965224
3.89828
2.54248
2.01068
0.538494
2.0488
0.194079
2.31521
1.94443
1.41066
3.44747
0.698129
1.77425
1.08906
0.359248
1.53984
3.26841
0.775992
2.53533
1.61075
0.679298
0.50703
0.991566
2.30556
1.01076
0.83246
1.49718
2.61542
3.02985
2.26956
2.6796
2.98243
1.87266
1.20014
3.99556
1.48885
1.11894
1.44292
1.47602
2.87738
3.36531
2.96682
2.62425
1.10505
2.74708
1.58644
1.86229
3.06743
2.04829
1.23496
1.3557
3.34156
1.64204
2.08987
1.62669
2.08259
1.22694
2.0225
1.66106
0.940036
1.0758
1.69701
0.882734
0.707336
1.2076
4.16096
3.41569
2.72669
2.70599
2.42858
0.611855
2.8872
2.17676
2.19283
0.941502
1.27078
3.16465
1.8122
0.933363
1.0645
1.57934
2.30074
2.25993
1.20305
2.15034
1.00556
1.87423
1.7933
1.96615
1.2648
2.3629
1.76245
1.63399
0.471211
0.92951
2.91219
0.944273
2.98549
1.97879
1.42263
1.72507
1.42824
0.766219
0.752676
0.8453
3.97794
0.904981
1.8341
0.336536
2.97159
1.76035
1.66189
0.978085
5.46145
1.56565
1.72446
0.597911
1.15753
3.24916
0.825663
1.61594
0.926944
2.22837
3.16536
0.755705
1.98917
2.63435
1.7433
1.58624
3.70862
1.87868
3.11933
2.17246
2.87468
2.86832
1.62723
1.61259
1.42478
2.59184
0.757562
1.26907
1.68546
2.32764
1.1485
2.40793
0.523455
1.92968
1.08367
3.84716
2.38919
1.35228
0.900249
1.79791
0.742135
0.625283
0.541621
0.303975
2.38309
2.48328
2.02755
3.92074
2.29875
2.56157
0.80968
0.963242
0.968435
1.22061
2.83683
1.66236
1.43968
1.50281
1.91878
0.403593
1.71253
2.69997
2.17598
0.658876
1.86708
1.09654
1.92499
2.90164
1.05081
3.05434
1.48532
0.638297
3.1715
1.12306
1.17059
1.11214
0.342676
3.0947
1.65834
1.38506
1.84708
1.45496
3.16178
3.06363
1.12078
1.40914
1.22984
0.855992
3.56256
1.54784
1.97518
1.05908
0.609325
0.907557
2.02252
2.79288
0.840568
1.974
3.02035
1.12089
0.997968
1.3009
2.74735
1.1914
1.35528
4.2921
1.11256
0.772736
4.25989
1.15347
4.0258
1.88571
0.552934
1.77851
1.07616
2.14064
2.23781
2.31375
1.76248
1.1389
0.183876
1.46116
0.960295
2.15953
2.92497
0.664561
0.768775
2.04375
2.20172
3.56198
2.60665
0.0072841
1.1245
0.700866
1.04527
1.31043
1.20305
1.99137
3.58643
1.70763
1.35076
1.63844
1.89127
1.68187
3.50159
2.1207
3.16387
2.38301
3.07225
2.10512
1.90746
0.581623
3.06611
3.50631
0.542119
3.87124
0.911284
3.15089
2.20834
1.05873
1.5203
1.48934
2.84984
1.3942
1.58299
1.73826
1.10799
1.28096
1.79138
1.66511
2.17362
0.878801
1.669
1.83813
1.21359
1.45318
1.12938
2.90094
1.12713
1.2818
1.70371
1.64912
1.08621
2.1741
2.10286
2.41649
0.769194
2.12737
1.93132
3.16087
2.55092
1.22927
2.93442
1.52775
0.601676
1.2585
3.65843
3.88871
1.47613
2.05768
2.92634
2.12217
1.26352
1.07904
0.738852
2.18654
2.19896
1.18527
3.07701
1.03771
1.02803
1.64856
1.47892
1.69995
3.55011
1.47766
0.41158
0.706848
1.05247
2.85929
1.1624
2.46589
0.957225
1.51223
1.37571
1.27159
3.85594
1.19333
1.13219
0.371931
4.01943
2.18882
0.691717
2.70504
1.01358
2.23139
2.16547
0.885397
1.78982
0.612434
3.19847
3.65525
1.85424
3.06373
0.255049
0.59628
0.957746
2.90821
3.4751
2.79301
1.64241
4.66131
4.03925
0.676398
1.05562
1.61117
2.99869
1.20169
0.632374
0.599918
0.321278
2.73409
1.20181
1.24174
2.54968
2.75265
0.991223
