#CONFIGURATION
#seed:                1357904622
#number of particles: 961
#lattice space        2.1
#axial ratio          1
#box_width:           65.1
#box height:          56.6596
#lattice type:		 triangular lattice
#particle speed:		 2
#runs:			     0
#nogui:			     1
#logname:             A3L21
0.944214
2.19311
0.986601
4.01192
2.51642
1.19362
2.4669
3.09659
1.16695
2.19946
1.5438
4.0698
0.177235
0.441424
1.08263
0.968392
1.68673
1.06047
3.08154
0.577858
0.972252
0.895208
2.95474
3.07875
1.31547
3.98123
0.929675
2.66831
3.47863
3.91867
1.78263
1.46097
3.66842
2.92057
1.60621
0.961561
0.752703
1.8954
2.43745
0.288809
1.74277
1.26928
2.50126
1.60562
2.32995
0.265476
1.2914
1.15891
1.01453
2.36216
0.872817
0.753123
1.1223
2.95621
2.47002
0.352634
4.95583
1.28005
1.02933
1.51702
1.81926
2.98208
0.644268
1.72927
1.83862
0.594392
1.45904
3.34825
1.7385
1.6565
1.99679
1.13865
1.39885
3.44896
2.1687
2.27764
1.7294
0.244576
1.90661
2.4226
0.787118
1.56183
0.97131
1.58962
2.75517
1.31898
1.55448
2.6294
1.25526
2.39403
0.553387
2.50498
2.00422
1.78928
2.36702
2.23775
0.520142
1.56253
1.62359
0.265906
1.49483
1.43997
1.99591
1.01957
2.84187
2.33699
1.08003
1.82049
3.66451
1.57318
1.42803
1.59692
1.51441
1.99819
2.19442
0.785237
1.15258
1.57479
2.08047
1.7994
1.67031
1.2427
2.30025
0.934241
0.908169
0.728816
3.20895
0.336455
1.50787
1.67315
2.45602
1.19099
3.13053
0.530073
0.996439
1.08798
2.39364
3.1788
1.79467
1.55881
0.870216
0.798552
1.88669
1.85306
2.39734
1.2962
1.37954
0.483339
3.21558
1.85704
2.04347
2.38164
1.09363
1.89601
1.64439
1.07016
0.451133
0.94195
1.16891
1.12508
1.08258
1.48572
0.971906
1.72841
1.66089
2.01408
0.87566
2.39196
2.51614
1.73415
2.06205
1.65573
1.91878
0.90579
3.12425
2.88607
0.340111
1.85986
1.2159
3.5185
2.13909
2.91603
1.04442
2.53204
1.22824
2.15102
1.99504
1.5519
0.736986
0.871881
1.05209
1.58022
1.76698
1.90574
1.49367
1.28804
1.33207
2.34943
3.89532
1.19921
3.30549
1.03494
0.872401
0.33754
1.15559
1.68099
1.19058
1.49615
0.801847
3.35422
1.17246
1.48452
1.63981
0.102619
2.23483
0.547963
1.98749
0.83342
2.62131
0.420852
1.49777
2.39994
2.92821
1.24461
0.755577
2.03444
1.51792
2.36757
1.59336
0.390759
3.17959
0.293342
1.09147
1.62849
1.9855
1.04452
2.58283
4.8053
3.07004
2.20284
1.10339
0.769668
2.04322
4.52434
2.18885
3.1705
1.11404
2.67982
0.889333
2.06156
1.01811
0.962594
1.06819
1.43375
2.17479
2.29899
0.491603
0.785835
1.47019
2.95492
1.3338
1.95773
0.797305
0.446858
0.812536
0.887498
2.65473
1.53506
0.70959
1.05586
1.47756
1.20782
2.39044
3.23182
2.31034
3.38921
2.42841
1.1421
2.78164
2.09905
1.60872
1.46152
1.67338
2.86712
0.575913
1.92742
1.39975
4.12326
0.740812
0.109098
1.09843
2.1314
0.535199
2.32939
1.69475
0.972438
1.78194
2.42813
2.72275
1.76926
0.345943
1.75272
3.48673
0.853202
0.189054
1.09419
1.04158
4.48234
2.37841
1.83269
1.67588
1.63512
3.03878
0.817333
1.18175
1.70054
2.6252
2.2679
2.27695
2.55171
2.30149
1.13513
1.79724
3.46138
0.978568
1.55537
1.52406
1.46611
2.55227
2.40294
1.03895
0.590544
1.5774
2.02948
2.03755
1.07053
2.01556
1.99409
1.22384
0.82833
0.875758
0.877932
0.401967
2.29666
0.646012
0.941283
2.43943
0.554971
4.70981
2.70815
2.67814
0.760215
2.09163
2.65803
2.48559
1.49924
2.09022
2.70015
0.221704
2.42958
0.152936
1.18789
2.90549
1.57675
1.22991
0.354991
2.37248
0.575631
3.64187
1.58559
3.47584
1.17023
0.7574
4.20982
1.22401
1.23699
2.81278
3.14656
1.59652
4.59475
0.977474
0.906852
0.916857
1.48477
1.16955
1.48916
2.08598
2.18083
0.967718
1.02488
0.978189
1.86012
1.43918
2.74089
1.95047
3.14015
0.972507
1.47034
0.802479
3.66127
2.73244
4.78824
1.18325
2.23643
1.55914
0.980052
2.08327
0.981786
1.01245
1.88286
1.09876
2.89238
1.26556
2.18932
2.76684
1.99167
2.09306
3.07293
2.8499
1.74011
2.46646
1.18538
2.24001
2.22452
2.53592
2.01202
3.42773
1.96123
2.41989
1.3695
2.45549
1.65208
2.20061
1.37231
1.23514
1.94818
0.301193
2.21014
2.55208
0.90273
0.970224
2.02178
2.8815
0.730102
2.24133
1.4791
3.02864
2.57065
2.79884
2.27517
2.42358
1.8776
2.20165
0.78281
1.32401
2.73788
1.30526
1.43096
0.406178
3.68069
1.89505
0.56902
0.264097
1.70556
1.50581
1.26882
3.42861
1.83306
1.93844
1.07736
1.18133
0.410273
0.932462
0.864849
2.64333
1.89933
0.853072
0.577724
1.02551
3.50519
0.508865
1.34088
1.37241
1.75203
1.06155
0.823754
1.86408
0.711361
0.706384
1.80095
2.01923
0.628557
2.10741
1.82002
3.37852
0.681012
1.61328
0.489002
4.29906
2.15518
3.39949
3.12362
1.66521
1.35781
0.495331
2.68252
0.694858
3.78861
0.681927
3.05389
2.14586
1.56093
3.11754
2.52207
1.91572
1.46309
1.99577
2.39068
1.85461
0.641907
1.40966
2.10071
1.94292
0.720533
0.892802
0.939919
4.12253
0.708934
0.940979
1.07224
3.12867
0.0416265
1.71516
2.30546
0.138156
2.43383
1.56487
3.56364
3.05362
0.971602
1.05224
1.09767
1.89187
2.39433
2.09248
2.58245
0.885713
1.07364
0.362642
1.40394
0.144293
3.71245
1.89448
2.59855
3.73457
1.83954
2.47216
4.56103
1.43148
2.11019
1.19074
2.6408
1.57741
2.96159
2.50415
1.71015
1.39577
1.62834
1.45563
1.46736
3.50668
0.433885
1.2974
1.16754
0.595293
3.31515
2.25649
2.01686
2.05477
1.90831
3.35238
1.44356
1.9797
4.23729
2.4806
2.4483
3.26665
3.14879
0.343409
3.63089
1.91045
1.43972
1.02692
2.54166
1.55211
0.749149
2.38856
1.04126
1.7419
2.01399
2.62731
1.2684
2.52586
3.90345
1.17356
2.38882
0.810063
3.35234
2.29132
1.28645
0.881694
3.48188
0.575767
2.11557
1.64012
1.5678
1.44229
3.74375
1.38735
2.5218
1.71776
2.46187
2.01709
1.90139
1.62954
0.867965
2.74681
4.04171
0.533374
2.04849
1.94102
2.14477
1.53689
1.52861
0.985292
2.04838
1.32672
1.13535
2.03475
1.31916
0.934488
2.35519
1.03282
1.44005
2.64105
2.20409
0.429139
1.72188
0.597368
3.05767
1.02788
3.06876
2.32904
3.08394
1.46411
1.18321
1.1741
0.545743
0.476418
2.24731
0.886972
1.78758
0.235533
0.678317
2.49768
3.6109
0.680815
0.306225
2.12447
3.51173
0.880418
0.646769
1.54054
2.39916
2.53058
3.40447
0.784038
2.3089
0.689639
1.00403
1.00113
1.65102
0.765134
0.340607
1.59085
0.898922
2.30071
1.73704
0.621506
1.32445
2.0032
1.46734
2.15369
2.91801
1.87656
2.22493
1.85813
1.32069
3.37626
1.13748
2.56389
1.46975
3.38129
2.04777
1.22227
1.76302
1.31623
1.58637
2.68461
1.84607
0.324156
1.41787
0.848178
2.28077
0.39234
3.14483
1.2372
1.73794
1.52334
1.26936
1.77747
2.21549
2.51249
2.90918
1.41335
2.8514
3.84177
1.53287
1.9062
1.49855
1.3255
0.493931
1.77378
1.01025
2.96751
2.31947
0.272816
2.57672
2.76237
2.71255
0.738254
0.891255
2.05533
2.34183
1.4812
2.12649
2.41758
1.12247
0.467684
2.87452
1.26222
2.19432
2.74501
1.32996
0.694218
2.30713
2.87428
1.66766
2.54201
2.97443
0.98374
1.93873
0.628665
2.83207
1.63029
3.9823
3.50564
1.79883
1.25278
2.33787
2.84281
0.537615
0.924887
0.532256
1.82123
1.62747
1.19949
0.714212
1.19486
1.35405
0.995661
0.630412
0.76299
2.70975
1.21027
0.971495
1.33436
5.18947
1.16162
1.13406
1.16616
1.45136
2.84666
0.0952857
4.71958
1.64333
2.89467
1.79093
2.70608
3.17981
2.07085
2.14607
2.1954
1.76746
0.573553
2.62009
1.63657
1.00349
0.364871
1.59408
1.16771
1.03486
1.50184
1.92815
0.856645
0.898679
2.1971
1.4989
1.34983
0.805413
2.35313
1.00966
1.06411
2.123
0.770355
2.21942
1.97213
0.97989
1.35021
1.50701
3.10387
0.480148
2.23003
2.1001
1.20763
2.50272
0.828437
1.50763
0.343329
1.8489
1.7717
1.85144
1.27194
1.27314
1.81022
2.39562
0.952768
1.61184
2.07368
2.61123
0.823192
2.79521
1.90813
1.84281
1.81939
1.82393
2.77509
2.42823
2.32803
0.641829
3.81607
1.18108
1.82304
2.83771
0.841213
1.92495
1.73221
2.35856
0.49115
1.28753
0.383996
1.97804
1.40225
1.93558
2.05587
0.078557
1.5386
1.19743
2.3119
2.72274
0.148712
2.74426
2.90425
1.44888
1.09038
2.00689
1.83905
4.23027
0.739677
0.764058
1.99529
1.63497
1.40744
1.45071
0.601799
2.5491
2.45821
2.60547
1.62072
1.33652
2.00454
3.13187
2.52227
1.7954
0.993186
0.951378
1.31989
2.42653
1.84576
2.7149
0.975227
2.96181
1.66068
2.33211
1.9922
1.13205
1.12956
0.873493
1.68212
1.61033
2.45962
2.64407
3.89194
3.08515
2.04302
1.66338
1.02492
0.443202
2.9234
3.58836
1.80629
1.65491
1.31317
2.47244
1.69843
1.4828
2.25428
0.328027
0.971958
1.57108
1.77544
2.06251
1.73349
0.21442
1.83516
1.45817
2.46139
2.10391
1.98597
1.18822
0.429693
2.37199
0.762367
1.7453
2.05477
1.166
0.286399
0.744129
1.01801
2.27728
1.88194
