#CONFIGURATION
#seed:                1358154215
#number of particles: 961
#lattice space        2.2
#axial ratio          1
#box_width:           68.2
#box height:          59.3577
#lattice type:		 triangular lattice
#particle speed:		 2
#runs:			     0
#nogui:			     1
#logname:             A3L22
3.23151
2.99139
1.05157
2.00351
2.34842
3.00079
0.573461
1.42218
2.18658
2.0393
0.332032
0.779244
2.92025
2.68427
1.80676
1.34097
3.62836
0.227368
1.97771
0.424086
0.911879
0.387416
3.12464
0.661144
1.77342
5.25538
0.931135
2.78594
1.18462
0.964912
0.932406
1.20978
1.32559
2.60793
1.42972
0.873253
2.47928
1.10917
1.94295
0.59707
2.69179
2.59976
3.77416
2.14407
1.78162
1.91938
2.50556
2.2167
2.00068
3.57884
0.547899
4.05099
0.889033
0.544646
0.783998
2.09262
1.17308
3.07937
1.76002
4.02073
3.0877
2.43536
1.06557
1.35499
2.02907
2.02741
4.29811
3.247
1.60137
3.56805
2.25495
0.898366
2.54266
3.00974
1.7549
2.3259
1.15174
2.51615
0.852797
1.03313
2.68754
2.07236
1.38805
1.83643
1.29367
1.11179
0.643158
2.425
0.461753
1.70509
0.828145
2.56227
0.241469
2.23237
0.641191
1.80852
1.67787
2.81119
2.29953
1.96778
3.24044
1.89113
3.17813
3.44676
2.84895
2.28653
2.30336
0.214111
2.67975
0.634883
0.854696
1.41978
3.54945
1.94783
1.80182
2.25345
0.893487
0.685046
3.22825
1.48457
1.58568
2.6959
1.18418
3.04819
1.75415
3.92153
1.63381
2.75139
1.55465
2.17115
1.37186
1.10409
1.95315
1.97395
1.85564
0.953266
1.99506
2.16392
0.135472
1.88696
1.45877
1.51344
1.56108
0.983996
1.80313
1.45294
1.08786
0.830513
0.645819
1.53651
0.791584
2.76177
1.13183
0.622145
3.20526
0.558346
1.54525
1.60232
1.20769
3.7064
1.80808
1.82905
2.77416
0.948686
1.35428
3.62934
3.70003
1.03337
0.615501
1.81799
1.12751
1.56391
1.94047
0.680381
0.71246
1.61027
1.83394
2.7223
1.52985
2.2595
0.838125
0.207167
0.463612
1.64397
2.76677
3.11244
2.60246
0.350111
1.80393
1.91017
4.13525
0.890063
2.56787
3.09852
2.59613
1.87466
1.90343
1.70744
1.42739
2.53863
2.25606
3.44535
2.17185
1.2115
0.383985
0.912585
0.996331
2.18643
2.63122
0.515325
2.30645
2.22247
1.22955
3.08356
1.21084
2.26903
2.21611
2.11954
1.85491
1.15556
2.18891
2.24515
1.3606
1.82743
0.775746
0.972849
1.74731
1.7796
0.519773
2.29
1.75018
1.48223
0.487292
1.15607
1.00018
2.88668
1.84638
0.51643
2.05744
0.475172
2.11206
1.87766
1.03641
1.34502
2.0551
1.32074
2.35426
3.32797
1.47496
1.42049
0.797972
1.2608
4.19955
3.30837
0.697169
1.45766
0.607469
1.88088
2.28592
1.10242
2.29503
1.77625
1.38487
1.68973
1.46285
1.46873
2.36368
0.495182
1.86757
2.92353
1.684
2.07051
1.45045
1.75164
1.53991
0.606879
1.70288
1.99217
1.83889
2.7858
4.3798
1.01036
2.33675
2.73936
3.03601
1.359
1.40665
1.17776
1.65721
1.58368
1.57754
0.991551
1.63856
2.0573
3.78517
1.76112
2.24808
1.83327
0.936365
2.13002
1.74017
2.78759
2.18392
2.7118
2.37392
1.01942
2.00868
0.24707
1.36439
2.36013
1.56773
1.18269
0.614662
1.65017
1.46535
1.5393
1.78975
0.787147
2.61891
2.41204
1.78938
0.694812
1.98114
1.99245
1.14998
1.61825
3.37026
0.685591
1.48462
1.10904
1.40204
2.77104
2.06926
0.479757
1.38784
0.93993
1.80024
1.11502
2.0395
2.90562
1.68304
3.82076
2.53073
2.13765
1.94443
2.4461
1.61757
2.7777
1.74402
1.58099
2.53468
1.08207
0.875095
1.0095
1.42504
1.70548
1.71125
1.20315
3.32217
0.78437
2.26868
2.67023
1.38668
4.10439
2.55122
0.949446
1.17911
2.27907
1.33339
2.19813
1.96445
3.27377
2.04893
1.16949
0.791732
1.64186
0.699028
2.75156
2.2126
2.03597
1.43434
1.63327
1.29994
2.64467
2.0894
1.21932
2.54347
4.47002
1.64682
2.28206
0.139279
1.49504
2.69908
1.90905
2.24751
3.73491
0.479603
1.82527
1.3458
4.66043
1.37573
3.76703
1.13184
0.88764
3.27818
1.21996
1.04392
1.35571
3.02691
2.31103
0.417505
0.314061
1.31009
1.40873
0.627109
0.858058
2.37407
1.01011
1.42254
1.25903
1.30942
0.953473
1.20909
1.4276
1.14925
1.18725
2.47916
1.75053
1.29335
3.76008
2.21332
0.956141
3.54813
1.02662
0.606656
0.932975
1.20752
0.950339
1.31274
0.0589367
0.165471
2.50441
2.35213
1.03238
1.43842
1.94771
1.97061
4.48399
2.66294
2.02949
1.24429
0.285101
0.878674
1.23391
1.16092
0.555165
2.33741
1.47201
3.21579
2.28359
3.22545
2.94174
1.98619
2.06643
2.12294
1.99874
2.20258
1.73624
0.810286
1.11236
4.28303
2.37134
1.68944
1.15008
0.262623
2.53711
1.98028
2.74016
1.38742
2.92061
0.979886
2.63296
0.603826
2.62165
2.47907
1.15147
2.10482
0.831659
0.981353
1.72507
0.801476
3.70122
2.99341
2.47187
0.855079
1.30129
1.23575
1.97933
1.43994
1.31263
0.568425
0.303764
2.2393
3.20141
1.57571
4.19836
1.08091
1.46517
3.85175
2.30581
3.77543
1.66786
1.13884
2.36547
2.55541
2.28806
2.41916
1.73306
3.54296
2.34272
2.60404
2.3292
0.784404
1.57673
1.61186
0.0799723
1.88407
1.93418
2.43828
0.48596
0.652181
1.23086
1.059
2.16331
1.85746
0.831893
0.221821
2.39447
0.378675
0.79348
2.14709
0.475418
0.99023
2.73281
1.57792
1.63818
3.92455
2.29761
3.06111
0.630069
1.90946
1.55311
2.12855
1.92935
1.21093
1.71501
0.803998
2.17741
2.09351
1.67695
1.40694
0.697819
1.3115
1.15696
3.02793
1.49597
1.41115
2.36192
1.01402
2.51179
1.0682
4.12966
1.9466
0.842386
1.79425
1.79337
2.16979
2.01981
1.58029
2.68859
2.03436
2.82517
1.50533
1.52016
1.16542
1.85733
2.14341
1.81853
1.40062
2.64704
1.30832
1.1966
1.06174
2.60899
0.333504
1.17815
0.547574
2.15308
1.36037
2.52577
0.628083
2.00735
1.95832
0.927005
1.4141
0.868515
0.324745
1.52494
2.06772
3.37345
1.69153
1.03068
1.41539
0.533468
1.38245
0.871422
0.40901
1.11353
0.60317
2.38761
0.76733
1.76369
0.701251
0.911832
0.975023
1.69793
1.58366
2.52457
1.95291
0.775745
1.54161
1.91026
0.679478
1.37999
1.7961
1.92756
3.16144
1.65888
1.98337
2.08871
2.24427
1.64055
1.78766
1.53733
2.01744
1.20906
0.697343
1.35885
0.678065
2.85154
1.07723
1.49586
2.6082
3.22224
1.10003
2.5507
1.35312
0.352847
1.26061
2.70098
1.92949
1.95231
1.04754
3.93468
1.06941
0.636523
1.46773
1.40733
0.951366
0.712956
2.58682
1.33382
2.16414
1.55635
2.10036
1.79459
1.62684
1.62799
2.12857
0.444199
3.1867
2.47763
1.10434
1.74678
2.69035
1.9832
2.94814
1.04129
0.527373
2.65176
1.998
1.74799
2.86775
3.63972
1.42248
2.76806
2.12173
1.39804
1.14989
2.7264
2.24106
0.778757
2.24495
1.28126
1.23354
4.07831
2.22655
1.73995
2.94489
2.54832
2.17049
1.80955
0.83368
1.25949
3.57692
1.3191
1.60097
3.41975
1.30277
2.32477
0.833895
1.18066
2.05536
1.06412
2.12137
0.585322
0.898535
2.69653
1.40432
2.26909
0.790038
2.12967
2.49414
1.61331
0.631978
1.83393
1.01251
2.03076
1.93142
2.23479
0.769698
1.0562
1.20122
2.44731
0.971149
3.09299
2.0829
1.73175
3.60295
2.60158
2.08247
2.9364
1.25473
2.09623
0.80356
2.01328
1.36443
1.97999
0.628315
2.71502
1.57937
1.16459
0.950691
0.430506
2.74401
2.67691
1.84957
0.235372
0.557825
1.84191
1.73478
0.892473
1.29957
1.7556
3.8132
1.62739
1.51921
1.26825
4.88332
3.87142
2.0371
1.73115
3.2468
1.9998
2.26573
3.2178
0.856522
2.67622
2.40383
1.70981
2.36444
1.74871
0.67797
0.722847
2.07992
4.20287
0.579176
1.75648
0.854533
2.21403
1.87051
1.98462
0.764096
1.94912
2.02257
0.56006
1.63918
0.581909
2.52539
0.325822
1.36594
2.38705
1.73936
2.27623
2.98941
0.887711
0.769439
0.7889
4.29126
1.82204
2.48838
1.73191
0.870809
0.422621
2.42899
1.57484
1.72079
2.76989
0.669255
1.42015
0.997411
1.22958
0.912469
0.713438
1.96024
0.326876
0.852647
3.068
1.42786
0.247529
0.812301
1.08035
2.56592
2.13394
1.68719
1.67728
2.57818
1.76971
0.879861
0.872368
1.11958
1.18111
0.502984
2.88626
0.820011
2.87596
0.256329
2.5072
1.36436
3.04469
2.08984
1.45448
2.28145
1.32228
1.49369
0.865912
1.98304
3.08424
2.57138
1.39334
1.74532
2.59259
2.04761
2.65993
1.35835
2.81366
2.48343
2.10042
3.36147
3.42959
1.41045
3.06369
1.09365
0.375053
3.61026
0.827836
2.73786
0.851134
2.19251
0.414214
1.39228
1.7714
2.62457
2.31005
1.80044
0.682836
2.28253
1.82528
2.52361
2.67227
2.50471
3.1929
1.81666
1.02416
2.42332
2.56098
3.33667
2.74364
1.85607
1.97703
1.65095
1.53819
0.551028
1.10224
2.93722
1.75653
1.45081
1.08474
1.78294
1.63519
0.57274
1.83624
1.03995
1.76396
3.76517
1.80649
0.977335
2.67028
0.248394
3.37447
1.86381
2.23786
1.59354
3.493
1.14656
0.712813
2.77645
0.0991517
0.281188
0.414207
1.73398
1.93835
1.82924
0.600312
1.69801
1.05509
0.594591
0.842555
1.16022
1.08181
2.70721
1.95858
2.86022
1.52957
1.51
2.72086
0.615311
1.06693
1.92017
1.42445
2.19455
