#CONFIGURATION
#seed:                1357907371
#number of particles: 961
#lattice space        2.9
#axial ratio          1
#box_width:           89.9
#box height:          78.2442
#lattice type:		 triangular lattice
#particle speed:		 2
#runs:			     0
#nogui:			     1
#logname:             A3L29
2.73068
0.655578
1.7272
3.48384
1.40402
1.39242
1.60578
2.56077
1.249
0.528069
3.00535
2.06742
2.45991
1.89061
1.18333
1.78253
2.25699
2.16791
0.449021
1.46883
1.63514
1.54447
0.318392
2.91403
1.23871
2.70271
1.56515
0.312806
0.803211
0.907057
1.57589
0.897091
2.97538
1.31251
2.49589
0.67999
1.00478
1.4438
2.611
2.6245
0.927772
0.573803
1.58895
1.1678
2.27432
2.86757
1.52897
1.84371
2.01873
0.903846
1.3086
1.22547
1.89294
2.43556
0.820994
1.69899
1.99887
1.57433
2.63251
0.523455
1.03304
1.89486
2.31417
1.47279
1.84031
2.78742
1.231
3.35579
1.30377
0.421453
2.39322
1.93544
2.20135
1.28362
3.11305
2.16964
0.77713
1.28315
2.80575
1.40989
2.94772
0.312413
0.942267
1.20986
1.01343
3.47553
1.98484
0.558183
2.05883
1.24551
1.89099
2.74856
0.427381
2.11906
1.41522
0.315496
2.86084
0.995737
2.10946
2.61303
2.02713
2.73194
2.06726
0.915414
3.25985
0.607724
1.90649
0.265299
1.12933
1.84666
0.950131
1.46826
0.191818
3.62128
4.56727
0.333648
1.10264
1.47226
3.97805
0.736142
2.3809
0.847992
2.83329
3.48893
2.05332
2.58201
1.35105
1.43062
1.30488
3.27569
0.737868
1.25529
3.19574
4.85671
1.21371
1.0625
3.31643
1.93354
1.98888
2.61275
2.37577
2.29437
2.04844
2.34118
3.19877
1.99315
2.52414
2.23422
1.98434
4.43326
0.397024
1.62271
2.21051
2.42606
1.59255
0.328843
2.13891
1.20534
3.18135
2.42987
2.44375
2.06983
1.58373
1.33333
3.07936
0.605777
2.80497
1.03542
3.20079
3.03998
3.37274
0.189226
1.54307
1.28152
1.58491
0.938088
2.64279
3.26116
0.504131
0.675285
1.14759
2.41963
2.32563
0.497992
0.681402
1.25999
2.2324
2.949
1.09051
2.02339
0.892577
1.08255
1.39384
2.85042
2.40949
1.35396
3.20014
3.54309
1.25485
0.642393
0.639584
2.58062
0.942508
1.58939
3.10258
1.62381
0.658888
2.44581
2.05322
1.39733
2.73699
1.00724
2.51446
0.55244
0.940544
1.93502
0.692974
0.663372
1.0133
2.41975
1.63568
3.07178
1.17555
0.666239
2.58665
2.54616
1.22415
2.97709
1.99389
0.562647
4.37928
0.622332
1.59726
3.26208
0.53831
3.65599
0.218303
3.2628
4.03164
1.78015
1.90817
2.85286
2.29922
1.74326
1.47171
1.22586
1.00093
1.26336
1.81165
0.921258
1.44923
1.49226
0.854171
1.30537
0.634927
1.96647
0.747484
0.730097
1.13715
2.97482
2.24355
1.53492
0.4945
2.08295
2.85064
0.739479
2.41323
2.69521
1.31934
1.46648
3.34913
1.92242
1.63972
0.337697
3.34369
2.29733
3.00029
0.636891
2.13313
1.14326
1.13719
1.13558
1.29463
1.92063
1.73005
2.24117
1.1376
1.00033
2.26189
2.34572
3.79909
2.57422
3.09837
1.50422
2.39899
0.573048
2.7149
1.19478
1.01063
1.84848
0.217253
3.01864
3.111
1.9838
1.90196
1.98933
0.849932
3.9303
0.832851
2.24772
2.76789
2.4217
3.49126
1.49206
3.08092
0.482145
2.37266
1.96617
5.12799
0.345704
0.914372
2.31492
3.12547
1.03755
1.13598
1.49575
1.48655
2.98415
0.948153
1.06549
2.85352
1.04107
1.63616
1.58752
1.31617
1.71723
1.67134
0.452413
2.48653
3.14458
3.12697
3.05608
2.58192
2.04681
3.52684
1.78398
2.50557
0.638318
2.07545
0.737764
3.30212
1.66242
0.861771
2.755
1.26468
1.40292
1.89754
1.26968
1.92027
1.99273
1.66817
1.79398
1.13542
1.13424
1.51826
1.47929
2.86667
2.71435
0.687371
0.712704
1.28316
1.80828
1.56015
1.42038
1.67163
1.87103
0.926029
0.0698039
0.879989
0.817476
4.03153
2.33559
1.66017
0.612962
1.26811
3.42207
0.466927
1.14529
0.381188
1.85492
1.87006
0.811737
2.85388
0.878804
3.92927
0.817336
2.0785
1.22085
2.99735
3.10858
2.88205
1.41661
1.83904
2.57059
3.66622
2.46802
2.63823
2.66281
1.49467
2.49771
0.713123
1.18361
1.77969
1.62272
1.36538
0.596166
1.40375
3.10481
1.66322
0.95765
3.81583
0.816134
1.93517
1.16296
1.88689
2.77341
2.86767
1.91144
2.80146
0.934902
3.04247
0.425888
1.67925
2.67134
0.617746
1.10642
3.65998
1.90967
0.849129
0.85983
1.15195
0.544163
2.4348
1.78116
2.0554
1.92526
0.948779
0.439795
0.587014
2.24945
2.37855
1.38086
0.524363
0.73205
1.57124
0.881259
2.14331
1.63421
1.84198
2.01527
2.79138
1.91659
0.990939
1.29235
1.51642
2.10624
2.44975
2.91941
1.7428
1.84816
1.61131
0.844604
1.02032
2.21845
0.91509
1.29598
1.99447
0.876215
2.71744
1.96677
0.588708
1.28901
2.44566
2.2272
1.62049
0.830646
1.81404
1.56103
0.855261
1.70402
1.8479
2.06018
2.55014
2.67711
2.00135
2.19851
0.624181
0.547955
2.11754
0.61506
1.54132
0.48643
1.48892
2.3328
1.446
1.59897
4.10073
1.24761
2.27724
1.39045
3.1164
2.28073
1.99797
0.879422
2.292
0.898756
1.16598
1.96987
2.17437
1.22061
1.83346
3.34822
2.42946
2.45745
1.76935
1.36508
3.60983
0.929727
1.5704
1.64778
3.18883
1.58338
2.62034
2.51364
1.062
0.907321
2.71439
1.23251
2.08517
1.43212
2.20557
1.05143
1.05849
1.38408
1.42714
2.34009
3.26037
1.18585
1.57348
0.591634
1.20568
1.6914
1.72666
2.61272
3.70538
1.00129
2.49381
0.61721
1.51385
1.4467
1.65198
2.02928
0.269634
1.62267
3.34183
2.07264
0.393779
3.20685
1.32441
2.8106
2.49934
2.78983
3.69316
1.39094
2.07821
1.82038
0.877529
1.39451
2.32669
0.494747
2.78348
3.92709
1.65972
0.276384
3.12174
2.37807
3.48179
3.7263
1.71256
0.762719
2.01283
1.8638
2.7464
1.39795
1.94867
0.677866
0.923004
0.854671
0.712056
0.263373
3.84063
0.744138
1.92796
1.30844
0.399106
2.04195
2.10517
3.4709
1.41866
1.81281
1.42481
2.84614
0.938517
2.188
2.56753
0.65143
1.05784
1.9416
2.20206
0.24293
1.34377
2.42301
4.22227
1.82433
0.887176
1.31537
1.07907
0.811519
1.17355
1.53166
2.32608
2.90028
3.45044
2.31499
1.2206
0.934721
1.60038
1.44632
2.79605
2.01218
0.84381
1.15913
0.142021
1.81801
1.43216
2.35456
1.36882
0.242291
2.46056
2.28245
1.6763
2.03342
0.481438
1.86586
2.06765
0.0747789
0.728318
2.12475
2.29793
2.4938
1.43919
2.39816
0.801282
2.72826
0.62746
1.73378
1.99497
1.18022
1.32023
1.69448
3.39628
0.957293
2.0559
1.00623
2.30395
3.07868
1.3986
3.27259
0.85606
2.46164
2.84646
1.35456
3.99691
0.867764
0.556843
2.29113
0.502713
1.4999
1.71696
1.25798
1.70435
3.92293
1.95698
1.71386
1.63398
3.11399
0.972549
2.36674
2.34355
0.641949
1.06929
1.83801
0.785751
2.54329
0.71335
1.39534
2.78447
1.86233
0.494221
0.680459
1.18484
1.37416
2.19691
1.70583
1.75652
1.05782
1.25255
0.598923
3.36463
1.45876
2.39536
2.59551
4.05434
1.49662
0.573825
1.88105
2.8244
1.75442
1.45521
0.591029
2.04832
0.716775
2.77915
2.05926
0.287302
2.34269
2.43311
1.5208
1.40201
0.897397
1.53175
1.55377
1.30237
3.22758
2.13124
1.62455
2.6304
1.25709
0.915556
2.3584
0.743891
0.349241
1.79302
0.596802
2.24361
1.39761
2.18173
1.34629
1.22454
2.77401
0.731706
2.39751
2.54217
0.884462
2.03995
1.69718
0.349274
1.0916
3.09036
2.04745
2.80423
2.30193
0.545557
2.21921
0.764343
0.832295
1.0268
0.938109
1.11948
3.41747
1.01262
2.75352
2.85863
2.77348
1.99307
1.02097
1.48389
0.82156
2.91763
2.57578
1.16897
0.738716
1.03827
1.3551
2.91999
1.09764
1.99316
1.06728
3.14053
0.301202
2.24813
1.93256
3.38897
1.88093
3.86394
0.747165
0.669131
1.84305
0.639681
1.7044
1.5762
0.899164
1.05564
1.45784
1.70398
1.50139
3.98564
1.85196
2.33359
2.61591
2.40374
1.51606
1.64869
2.59447
0.437773
1.0104
1.67444
2.08867
2.783
1.29191
2.58693
0.567997
0.58352
1.91377
0.744946
1.21004
2.90621
2.33718
0.680156
0.494433
2.48195
2.21297
3.01506
3.08317
2.43591
0.552582
0.399469
2.1166
1.32123
3.01216
2.87482
0.64587
2.0431
2.69564
0.919907
1.41268
2.21252
1.53293
1.45768
2.36631
0.470241
0.395721
1.26222
1.53232
1.31977
1.51981
0.653183
2.3395
0.821409
0.336898
0.949334
1.85754
3.60789
2.09989
1.7743
1.25574
1.69602
1.8046
1.42563
1.1244
3.54559
3.09401
0.972824
0.558645
0.902381
0.66583
4.14658
0.810621
1.36451
0.629586
1.89042
1.48355
0.769257
3.98787
0.46412
2.05277
1.29985
0.917446
2.06021
0.495972
1.73361
2.2787
1.64145
1.97505
2.37025
0.732145
0.652199
1.41072
1.58971
1.11839
2.23059
1.73905
2.82934
3.87206
1.82715
3.26831
1.31503
0.482178
2.16165
1.46508
0.360562
1.00959
3.23944
3.66339
1.17516
1.66536
3.01246
0.537129
0.656142
3.04785
1.91599
1.13484
2.92792
1.11241
1.97473
1.41379
3.97186
2.99243
1.23368
1.3513
1.82188
1.71063
0.371799
1.88533
0.400632
1.311
2.62704
3.75149
1.27685
0.830587
1.72241
0.963696
0.8118
2.15163
1.96963
0.414572
4.31431
1.35915
0.795686
1.28211
0.557878
