#CONFIGURATION
#seed:                1358154260
#number of particles: 961
#lattice space        2.28
#axial ratio          1
#box_width:           70.68
#box height:          61.5161
#lattice type:		 triangular lattice
#particle speed:		 2
#runs:			     0
#nogui:			     1
#logname:             A3L228
2.57107
2.5646
2.82249
0.800383
1.61811
4.1491
2.25365
0.800982
0.144604
0.237378
1.44095
1.30322
1.96952
0.855399
2.0557
0.635543
0.994585
3.04483
1.55641
1.84775
2.19352
2.48995
0.94646
2.50767
1.52253
1.14944
2.88673
0.909668
1.15703
0.870421
1.08501
1.76102
1.95342
0.982519
0.788183
3.41899
1.39728
1.34072
2.64401
2.7609
1.84732
1.28699
2.85467
1.40272
1.99106
1.30148
3.67463
1.07707
3.05954
0.799963
1.40483
2.31111
1.6329
2.69095
0.85574
1.24696
1.80533
3.77182
1.82878
2.15772
3.40808
1.68509
1.23925
2.08775
1.02991
1.89308
1.51847
1.75892
0.747366
1.51331
0.949026
2.00891
1.94553
0.870097
0.99454
1.4771
2.28206
1.30975
0.787071
2.283
0.884071
2.08753
0.89079
1.191
1.88124
0.438101
0.411449
1.33745
2.8494
0.877624
1.76872
2.47897
1.71963
1.24715
1.62567
3.69658
0.547606
1.30386
2.19338
1.57494
2.48696
1.15819
1.70105
2.19264
1.40393
1.04005
2.06498
2.08918
0.433623
3.09887
2.26245
3.97539
0.904157
1.54132
2.37709
4.54342
0.668726
1.29586
1.49386
2.96486
1.86106
1.22747
2.12233
1.53086
0.974589
3.33011
1.3162
1.91862
2.11747
0.190727
1.30305
0.897717
1.38654
1.37212
1.69732
4.00641
1.29658
0.371503
1.90563
1.36725
2.28191
3.36798
1.8181
0.788053
1.09867
1.01675
0.726026
1.93764
1.16461
1.16074
2.18429
1.88689
1.19075
1.61833
0.27882
2.13967
0.835452
1.79737
0.326483
0.573115
1.80599
1.73808
2.41386
2.85178
1.48097
3.14011
0.848246
3.8373
1.74465
0.996273
0.477616
2.26576
1.34151
1.94453
0.414544
1.41501
1.79401
1.48728
2.85657
3.61955
2.32127
1.57788
2.45482
2.36665
1.97334
0.573057
0.964389
0.9382
3.5631
0.710574
0.851305
1.09677
1.83136
1.80414
2.93554
1.64847
0.502257
1.76527
0.963301
1.61373
2.95521
2.95137
0.434157
2.45184
3.7113
2.09366
0.63398
1.70952
7.30357
2.08062
2.53352
2.5683
1.03728
2.69291
1.77931
1.3017
3.46245
0.900073
0.455399
3.03572
2.39877
1.11751
0.761251
3.45332
2.27173
1.78519
1.3228
2.0385
1.6174
0.998189
1.57426
1.03902
2.78255
2.7007
2.12411
1.05089
0.641549
0.26282
0.417185
3.12167
1.52192
1.42648
1.47646
1.05922
2.30257
2.13992
4.18448
0.66005
1.4911
2.93018
1.08751
1.09036
3.82562
2.44806
2.18027
2.44251
1.57897
0.412559
2.48341
1.97783
0.364637
1.22846
1.47231
1.90836
0.768111
1.2992
1.42522
1.56461
0.766686
1.5794
2.44686
2.22383
1.75244
1.38741
1.67818
1.25662
0.881872
1.62892
1.09625
0.24096
1.43787
1.23786
2.53948
2.02635
2.19287
1.42434
1.63891
1.25159
1.64234
4.17464
2.27586
1.50946
0.694329
1.74369
1.4976
0.752076
0.841585
0.790432
0.0763984
3.13637
1.4941
0.636979
1.06496
1.25902
1.84935
0.519967
1.95933
1.90276
1.70587
4.47235
2.17624
1.41202
2.05934
3.05578
1.87847
4.04532
1.19482
2.13301
1.21891
2.69513
0.500012
2.42507
0.155202
1.49465
1.7052
1.49039
1.24418
1.41312
0.213283
1.59407
0.271396
1.98378
0.861135
1.69653
0.617232
1.64738
0.51893
0.622086
2.25682
3.09811
2.49077
1.89853
1.78609
2.91725
0.768896
2.37297
1.98185
1.79908
2.74662
1.47386
0.299024
3.92338
3.25753
3.04
1.58775
2.23188
2.02991
0.976959
0.3925
1.89156
1.22724
2.32176
0.662634
1.72467
1.08717
1.53725
3.4348
1.84787
2.22629
2.48214
1.30944
2.07607
1.50934
0.306242
0.367362
1.71347
2.72385
3.21708
2.69535
2.16784
2.50097
1.72233
2.18822
1.90878
3.95395
1.24244
0.814875
0.785115
3.25946
1.11916
0.426192
0.527725
1.2441
0.707714
0.602871
0.710271
3.36341
2.07926
2.96834
1.99286
1.11077
0.0608737
1.3266
1.54961
1.47729
1.48483
0.943073
3.6487
1.00545
3.38734
1.27065
0.16222
1.69841
5.10112
2.76476
0.974223
1.70225
1.67311
3.52255
1.00781
1.26673
2.66803
2.02171
1.09962
0.974546
3.4574
2.68853
0.212234
1.46439
2.53137
1.1292
1.02402
0.749626
0.770109
0.422692
0.0412165
1.40745
3.30515
2.36649
0.155047
2.22958
1.27639
3.5466
0.799084
3.09644
1.71158
1.00957
2.65555
0.639546
2.24607
2.65077
0.855472
0.792866
1.12397
1.22186
0.757918
3.31724
1.05436
1.24996
1.28884
2.42897
1.30092
1.25631
2.26629
1.47427
0.996178
1.16885
2.43241
2.26152
3.30024
1.04774
3.77347
1.54604
1.23002
1.0523
1.86649
3.08346
1.89077
1.37381
0.431551
2.5494
4.43326
2.2697
1.95592
1.60713
1.76564
2.37747
0.938427
1.95899
2.11832
1.49941
2.5659
1.61593
2.9079
0.413636
1.22
2.29597
2.32518
2.87451
0.591774
1.50578
0.576873
0.448372
1.79533
2.72371
2.31926
0.87734
0.613279
2.89974
1.37268
2.37546
1.77656
2.29759
3.76423
0.491906
2.46589
0.770179
0.0681185
0.576997
0.296411
2.79451
2.53272
2.93571
1.26256
0.974474
1.75614
2.69545
1.83033
1.33949
2.04861
1.54173
1.73126
0.219745
2.18831
1.1185
0.848873
2.77099
1.66014
1.25231
2.08346
2.30589
3.86432
2.10915
1.17955
2.14783
3.33471
1.17477
0.963064
1.17671
1.68514
3.60211
1.2106
0.924143
2.91382
0.540653
1.15113
2.06098
2.08552
3.06567
0.913548
2.25134
2.31988
2.03723
1.65925
2.38314
0.947804
2.40385
2.3906
3.7062
0.824961
4.6606
1.5071
1.06488
2.51858
1.01264
0.463512
1.46894
2.1448
3.03655
2.08956
2.17374
1.75224
3.10658
0.567665
0.449127
1.23167
1.76949
0.318944
1.43512
1.67684
0.339407
0.6712
5.56306
0.635165
2.70912
0.484879
0.53629
1.11724
0.664274
1.65571
1.17243
0.602283
2.26463
2.06517
1.48661
2.95869
2.05828
1.19077
0.635714
2.10267
2.77464
1.80172
2.53243
3.7118
1.0196
1.31472
1.62175
0.700923
0.72663
2.30933
1.34613
2.10807
1.08003
2.36342
1.18395
1.99032
0.548127
2.97201
1.6703
1.61843
1.94524
4.40616
0.274895
0.23439
3.34969
3.21027
0.743321
1.46536
0.692539
1.23229
1.23583
1.83256
1.18165
1.23615
2.44997
4.6666
1.13512
1.99743
0.743408
1.27288
1.415
4.20628
2.7843
1.88167
1.7633
2.25073
3.11579
0.882387
1.9674
2.47094
0.624222
2.09622
1.12061
2.83444
2.0716
1.11792
1.5525
1.24482
1.52719
2.18792
0.886402
1.72799
2.38515
1.17128
3.67922
1.90221
1.49942
0.775864
2.74344
1.58936
1.87503
0.460946
2.17288
0.945461
1.85935
1.33113
0.825065
0.942723
0.640189
1.26265
0.379088
0.594106
1.63432
2.03639
1.13832
2.2254
2.20543
3.09674
1.79726
2.33897
2.5241
1.29856
1.87364
1.43773
2.29067
2.42548
1.87609
0.996636
1.69579
2.68639
0.717381
3.10951
0.067163
1.33561
2.10265
1.04086
1.03127
4.06949
0.484663
0.989879
4.08164
2.05109
1.37955
0.965899
1.9947
0.896609
0.775695
0.439422
0.565542
3.41235
2.48647
0.669346
1.81786
3.44677
1.55009
2.70998
0.636794
2.07733
1.02568
3.8865
1.78286
1.3561
1.75319
2.07881
0.287307
1.40505
1.72823
0.283273
0.786402
3.20034
2.50849
1.02948
2.41854
1.51633
2.65104
2.0819
1.93006
2.34775
0.662231
1.5596
1.00363
3.97614
2.00569
1.71673
3.42842
0.877514
2.43162
0.531485
1.01595
2.0167
1.09828
2.03647
1.05832
0.620978
2.16698
0.39861
1.37178
2.23892
1.91462
2.34423
1.33624
1.21526
4.8865
1.91382
1.98188
2.43615
2.00845
1.27558
1.11213
1.81357
0.788521
1.60523
2.37791
1.54296
2.63858
1.51128
2.15797
1.13369
1.09897
1.85561
2.80986
3.9598
0.17456
2.97212
0.38444
1.02605
0.703903
0.589425
0.996662
3.59432
2.14719
3.21778
2.77572
1.88914
4.86411
1.92925
1.58286
2.13623
1.69117
2.28708
0.627766
1.4785
1.98726
0.422818
0.449291
0.972499
1.60596
3.45343
0.877131
2.51667
0.75712
1.29228
0.76575
1.726
3.02519
2.69681
2.73631
1.22238
1.19727
2.784
3.45297
1.48413
1.80433
0.675558
2.57095
1.55387
1.05577
1.78679
0.794668
1.83695
0.886371
1.47808
0.835193
1.30598
3.40748
3.94727
1.50568
0.907807
2.0097
1.67405
2.81029
2.64489
3.14755
2.20622
1.04946
1.61173
2.0186
2.06481
1.81993
0.724313
2.57498
1.16384
1.27067
0.333538
1.33847
3.2018
2.94095
0.61997
1.61711
1.89555
3.29642
1.70286
1.15001
0.652253
1.99486
0.186236
0.937212
0.823402
2.58123
2.43089
1.31146
3.80436
2.65177
3.08144
1.19931
2.9993
0.718806
1.20018
1.17027
3.74828
1.18534
1.04121
2.27642
0.399457
4.24346
1.20201
2.33975
3.45962
0.864823
0.162931
3.58108
0.356532
0.11944
2.49285
2.79648
1.59267
2.43873
1.8332
2.12783
2.47191
0.968011
2.35309
1.48457
2.90487
1.7957
1.63384
2.01137
2.01852
0.464394
1.19733
2.85474
1.02156
2.1309
0.85264
1.82449
0.107991
1.06109
3.3304
1.42021
2.59503
2.28276
3.42294
2.14087
1.61798
2.72849
1.26923
1.79208
0.53711
1.38287
1.72284
2.55321
1.78681
1.97329
2.22245
1.87609
1.79315
0.773407
0.949961
1.94666
1.15642
1.4561
