#CONFIGURATION
#seed:                1357907365
#number of particles: 961
#lattice space        2.8
#axial ratio          1
#box_width:           86.8
#box height:          75.5461
#lattice type:		 triangular lattice
#particle speed:		 2
#runs:			     0
#nogui:			     1
#logname:             A3L28
1.23684
1.54548
1.04344
0.711211
0.59894
0.476592
0.333751
3.29895
1.66308
1.12198
1.94763
1.75829
1.39148
0.864765
0.687119
2.0118
0.326183
0.635399
1.47297
1.6761
0.293316
1.17874
1.9426
0.78313
0.542901
1.69598
0.475639
2.00294
1.07261
2.08094
1.35104
1.93431
2.04531
0.994506
3.43429
1.41661
1.76222
2.27131
3.54077
1.67364
2.7672
2.72124
1.1467
1.36707
3.43522
0.514787
1.64909
0.880842
1.20774
1.65879
2.72468
1.47888
2.12278
1.93491
2.10406
0.616205
1.65681
2.59343
1.74908
3.06875
4.00488
2.798
1.54552
0.969273
2.80709
0.843903
0.989862
1.53275
0.969739
1.73423
3.54257
1.82788
2.9823
2.28848
0.932878
1.31291
3.45717
1.71491
2.14023
3.43536
2.56016
0.689514
0.544178
1.94686
1.30315
2.90909
0.502316
1.97205
0.79999
3.43024
2.77413
2.00706
1.8671
3.55572
2.35325
3.16987
2.18635
1.01925
1.2601
0.469909
1.22669
3.73484
0.90566
1.69403
2.0833
0.349549
2.19991
1.4204
2.06274
0.482192
2.06821
1.70626
2.83797
1.08768
1.48946
1.93549
0.873021
3.1188
2.03377
0.932055
2.66294
0.516416
2.57626
1.04148
2.63975
2.39536
1.95365
1.79013
3.02108
2.77674
1.95709
2.10224
0.758442
2.07902
2.93405
0.45976
1.16172
0.932902
2.86673
0.360785
1.22514
2.18765
1.9892
1.21442
1.90391
1.50616
0.938638
2.246
1.61273
0.617313
2.87056
1.97731
1.68888
0.815309
1.95042
1.10772
1.7102
1.14608
1.28498
2.10208
2.89819
1.92526
0.896985
0.34242
1.25501
3.37307
2.79985
0.988844
0.981751
1.30966
2.32294
0.48101
0.229764
1.81774
1.25048
3.70141
1.05305
1.77153
2.59129
1.32888
0.248111
1.75144
0.857508
3.81558
0.608666
1.90742
1.26083
1.13356
0.355318
1.44352
2.56006
2.84948
0.638639
1.50964
1.23882
2.12569
1.8776
0.442616
1.40674
4.02877
4.31664
3.12668
2.38148
0.492756
1.24807
2.34417
2.14948
1.21398
2.36321
1.18099
2.57727
2.77707
1.52547
1.99591
1.23173
0.832273
2.4676
2.01487
1.27912
1.32925
1.78672
0.689749
1.65117
0.725438
4.10967
2.60923
2.12657
0.454008
1.33976
2.85552
1.07254
1.49101
2.11829
1.25799
0.847273
1.12306
2.43802
2.3434
1.96307
2.0853
1.2749
1.47687
0.629422
2.90702
2.12559
3.00547
0.752071
1.10639
1.60958
2.47117
2.99218
2.40088
2.78595
3.21372
3.1424
0.666714
1.29754
0.692503
2.41513
1.46924
2.0346
0.445976
2.0847
0.514595
3.50154
1.63226
0.808668
2.1023
3.23662
1.81645
0.64946
2.18724
1.4024
1.62994
1.27167
1.77893
2.67355
1.63684
2.50499
1.70855
0.257391
0.53334
2.80701
1.00781
1.03258
1.92079
0.186854
1.04744
2.1971
1.24873
1.31802
0.768179
0.988975
2.5426
0.374602
1.56358
3.50471
2.27607
3.16746
1.79419
2.5
2.00449
1.98681
3.17631
0.964544
0.820111
0.994349
1.52797
0.709789
3.95951
1.70935
1.63631
1.32271
1.91923
1.10093
1.4768
1.89731
1.2456
3.01953
1.18432
2.48779
0.797465
1.65702
0.238565
2.13539
1.60712
0.282706
1.07937
2.24337
0.2685
0.575538
1.87787
2.28908
1.11816
0.762278
3.31212
1.55005
1.01145
2.36493
1.98173
1.15476
0.558798
2.69749
2.78834
3.09287
2.24956
1.29755
2.43905
3.0547
2.60939
2.18895
3.30665
0.627292
2.24201
3.73368
0.695658
0.722051
2.16297
2.29478
1.42659
1.12796
2.21708
1.82995
0.762503
1.19561
3.02604
0.570383
2.68719
2.36065
3.33959
1.17612
2.31513
2.73786
2.37507
3.45926
1.97526
3.99098
1.30813
0.803702
0.570404
2.14268
1.9303
1.42383
2.08443
1.50438
1.39975
1.08893
0.56577
2.54327
0.694763
0.569137
3.22877
2.22508
2.16161
0.720036
0.94205
0.723201
1.88813
1.76697
2.97423
1.45907
2.1005
1.89359
2.175
1.70053
2.57289
2.46336
2.57919
2.53062
1.64678
2.63898
2.61327
1.07609
2.13717
2.66266
1.30657
2.68014
2.17082
1.89999
0.657857
3.42969
1.98994
2.81814
1.21573
2.17194
1.00064
1.74717
3.18637
1.21555
0.549273
1.27374
1.52535
3.49402
1.04021
2.63201
0.691055
4.37199
0.742071
0.793894
0.872733
1.57826
1.78003
3.0975
0.764023
1.92968
1.78286
2.56875
2.53716
2.89417
0.722949
1.2001
2.24743
0.241244
3.47183
2.53533
4.00632
0.910318
1.69976
0.864463
3.97381
2.04688
2.72955
0.159398
1.14233
0.711921
2.60929
0.452568
3.88271
1.39882
1.40536
1.12222
2.59604
0.751864
1.49221
1.29833
1.86634
1.22303
0.832691
0.99678
2.71146
1.12427
0.414928
2.4673
0.440319
0.992416
2.93109
2.30255
0.824825
2.60869
3.51745
1.57455
1.17237
3.66041
2.16642
2.18619
1.52293
1.86825
0.368461
0.778898
1.21851
1.53157
3.07321
2.10399
1.00809
1.52095
2.85331
1.12117
2.00227
2.34892
1.94183
1.66507
3.64385
3.5777
1.83865
1.36974
0.936162
1.08433
2.48305
3.45399
1.65971
2.89087
1.48048
2.75888
1.8156
1.56511
3.71612
2.62628
0.468086
1.56877
0.474226
1.20104
2.20557
1.25125
1.27658
0.739329
0.656169
1.94453
0.994275
3.64843
1.53297
2.4265
0.976519
2.76916
2.58195
1.01509
1.6422
2.81667
2.27866
3.2474
2.5671
1.36819
2.75792
0.386086
1.61001
1.92024
2.05501
0.535649
1.2108
1.51703
0.891728
1.62997
1.91254
2.97327
0.91614
2.57773
1.95716
2.38931
1.89113
1.6418
0.562094
1.81564
3.72565
1.20706
0.684389
1.71181
1.12078
0.292036
1.0361
2.36968
2.77945
1.13457
1.70404
2.03573
1.53159
2.72906
1.83829
1.7579
2.79354
2.18623
1.39905
1.0687
2.98156
1.41337
2.59079
2.47381
1.46655
0.379278
4.12329
2.67251
0.898469
1.47695
3.07517
2.69075
1.58547
3.27052
1.34758
1.9626
0.843468
1.38995
1.75377
2.58962
1.82895
2.82594
0.454626
2.85171
2.63612
0.844596
1.79101
3.3883
0.98439
2.40666
1.09062
1.09347
1.13588
1.89088
1.07747
1.32652
2.98813
1.45459
2.59696
0.728215
2.43205
0.987802
1.19996
1.95328
0.768564
2.54162
0.775055
0.768222
2.65555
1.67729
2.17532
1.14186
1.63568
2.49162
1.21531
0.537221
1.77999
4.63413
1.60602
3.40987
0.520386
2.41429
2.29316
1.33939
1.6474
1.15639
0.913881
3.94917
0.524804
3.86662
0.554298
3.11616
1.0814
1.96897
1.9785
2.99171
3.11398
0.364574
1.57889
1.81037
2.23676
3.76152
1.66167
1.54186
0.0814384
3.48593
2.03048
1.9989
0.386804
2.01957
1.49821
1.7947
2.24535
1.08271
1.83878
1.74386
1.03905
2.07344
1.54276
1.03022
1.95075
1.49123
3.21182
1.09369
2.6146
3.921
0.722321
1.83226
0.74958
1.17155
2.73805
1.26248
1.84346
1.01004
1.25047
1.69952
1.05328
1.54434
1.80137
0.645983
0.380722
1.99775
0.886115
3.06847
0.600828
2.0549
1.44337
1.99918
4.13601
1.26612
2.3127
2.56781
2.68437
1.98458
1.0965
2.18712
1.77218
1.40031
2.56362
0.58807
2.85649
1.69697
0.765802
1.8527
2.13497
1.0805
1.41039
1.43341
1.76663
0.515471
2.34602
2.39714
1.40089
0.555223
2.70221
2.91115
1.26252
1.44145
1.42143
0.53038
0.799079
2.54399
3.47776
0.73001
1.01232
1.19503
1.30573
3.07065
0.40335
0.34583
1.82736
1.33567
1.38469
1.26877
0.818068
0.97352
1.22191
1.18435
1.42844
2.43828
1.58066
2.49573
2.54013
1.50929
0.870635
2.02285
2.68177
0.790968
1.08607
1.5126
1.91969
1.46548
1.62035
0.560195
1.77324
0.634658
2.60929
3.23691
2.21305
3.44421
1.56021
3.05929
2.17811
2.33262
2.01909
2.97782
0.673264
0.819123
3.5103
1.36597
1.67717
2.7677
0.153654
2.16599
1.74445
1.58571
2.59767
3.34104
2.29078
0.309765
0.855689
1.2825
2.75096
0.426635
1.13676
1.54634
0.716891
2.25024
0.573101
3.60029
0.436215
0.86513
0.655857
1.96102
1.64015
1.88194
1.05287
1.203
2.60677
1.35811
2.06964
3.17209
0.886353
1.22117
4.22456
2.00883
3.84662
0.907708
0.824272
3.04223
1.99319
1.94084
3.28583
1.36144
1.54759
2.32857
2.07549
2.49949
2.06347
1.59479
0.853013
0.652103
0.88413
1.97503
1.89121
1.18747
1.09221
2.00841
2.23899
2.97742
2.42062
2.46947
1.60631
2.09863
1.05138
1.44988
2.35744
1.4364
0.592251
1.25227
3.21176
0.743657
1.22811
1.65003
1.70156
2.72624
1.07655
1.51853
0.371574
0.60151
2.81937
2.46588
0.501391
0.697168
1.22008
2.02091
0.626451
0.815975
0.374488
2.18673
1.86624
1.52104
3.80801
0.71736
1.28442
1.77343
1.60199
2.3964
0.911851
1.91515
2.54527
0.696806
3.00525
3.98563
1.91688
2.29929
1.79298
2.0939
2.00761
1.06344
3.55745
2.26066
1.66636
2.40461
1.13449
0.262526
2.15326
0.155063
3.24471
1.91956
2.00083
1.73362
2.03571
1.71948
2.82301
1.44857
0.938954
2.52679
4.52604
1.33677
1.69494
0.79721
1.39573
2.02311
2.24074
1.49155
0.34508
2.58953
3.57359
2.06693
0.492605
1.78917
2.13029
2.03247
1.54818
2.57808
0.363187
1.93019
1.68655
0.754781
1.55546
2.0355
0.898381
2.00437
2.24217
6.40815
1.34163
0.38127
1.60453
1.69882
