#CONFIGURATION
#seed:                1357907359
#number of particles: 961
#lattice space        2.7
#axial ratio          1
#box_width:           83.7
#box height:          72.8481
#lattice type:		 triangular lattice
#particle speed:		 2
#runs:			     0
#nogui:			     1
#logname:             A3L27
0.944343
0.801865
1.44016
1.71778
3.32834
2.23153
2.40303
1.26174
2.85631
3.32111
1.63294
2.14827
0.829081
2.45268
1.4623
1.64231
2.0769
3.54545
1.94338
1.91693
2.30205
1.20585
0.768076
1.12269
2.60456
1.3924
1.25061
2.4347
0.870352
3.02395
1.56447
2.42146
1.83691
2.07316
2.70634
2.22157
1.31967
1.72697
0.240898
1.95774
1.0705
1.93181
2.89202
0.966474
1.09522
3.12247
1.05428
2.93022
2.61573
0.696216
2.06237
2.082
1.2121
2.53792
1.33014
2.39448
0.980629
1.39086
3.0781
1.38635
1.77543
2.09935
1.86942
1.08505
1.67089
1.97304
1.00617
1.64391
1.23825
0.925955
3.68171
2.34177
1.47275
0.831447
0.904646
3.39875
2.84968
0.454125
1.5991
2.15391
1.81112
0.387262
1.40136
1.15775
0.616541
1.40705
1.65004
0.106442
4.10044
1.26304
4.58038
1.14869
1.19323
1.42611
4.50169
4.15625
1.04587
0.449355
1.94303
0.497649
2.55701
2.1249
3.49122
3.35681
1.93136
1.45067
3.32859
3.50899
2.10712
1.27501
1.371
2.16409
3.36606
1.66019
2.2953
2.93802
2.03186
0.947087
0.996262
2.2913
0.423562
2.17923
0.414562
1.52975
1.7364
3.5518
0.899374
0.80051
2.34863
2.17697
1.72881
0.803499
1.37584
1.02904
2.21762
1.12912
0.709014
1.4301
0.301762
0.845868
0.43191
0.420437
3.33819
2.66321
3.40899
1.47463
3.09274
2.51937
0.365114
1.32342
1.20436
1.28596
1.08134
1.6188
1.48332
2.42648
2.29374
2.1689
3.26211
1.18168
1.18165
1.03204
3.39468
2.82325
2.90276
2.31895
1.27394
1.69604
2.22835
2.65616
2.15183
1.7378
1.18755
1.01228
1.20696
2.33493
0.415536
4.09873
2.64866
2.22658
0.536182
2.22669
2.02213
1.6589
3.52589
2.88003
1.30531
2.06891
0.628255
3.19964
2.87194
1.55608
1.85239
2.54808
1.61704
1.79729
0.780232
0.683107
1.35423
1.45436
0.662933
1.09174
1.66064
3.42308
1.69667
1.29156
0.700903
1.62875
1.52281
2.1113
1.73768
3.46661
1.5444
0.998152
0.67364
0.833039
1.79921
2.17075
2.59871
1.67724
1.14921
1.70631
1.85339
4.59169
1.95436
4.23039
2.05976
1.64397
1.33116
1.50225
2.16288
1.54911
2.77226
0.516925
1.28801
2.4525
1.01894
1.82999
2.31509
2.81048
1.76845
0.922729
2.77289
0.767706
3.13917
1.26765
2.10805
0.756873
0.480759
3.25833
0.862371
1.903
0.632937
1.00113
2.81546
0.621348
0.739015
2.8613
1.66949
2.04551
0.552897
1.98472
1.29758
2.04829
3.68248
1.01014
2.09687
1.31373
1.5929
1.57921
0.824964
1.01663
0.946421
0.713826
1.80948
2.92928
1.42305
0.432479
1.57902
1.72262
1.26763
1.70564
1.71009
2.15165
0.760898
0.483511
3.82812
1.55407
2.00397
1.43394
1.11031
1.05083
3.06919
2.13219
1.62486
0.305502
0.998901
0.864456
1.40368
1.25818
3.91135
1.89881
3.75537
2.20261
3.1601
1.34132
1.10347
0.412184
2.5279
0.161735
2.66716
4.57878
0.379172
1.32047
0.526075
2.09615
3.72522
0.710922
2.31486
0.729668
1.81656
2.52801
1.206
2.3041
3.40246
1.35331
0.594295
2.56061
1.81883
1.32986
1.54273
1.68138
1.30557
1.17659
2.23023
0.369532
3.99591
0.953341
0.967606
2.34917
0.999631
0.929388
0.990265
1.06371
3.94441
0.644736
1.58664
3.97049
2.47286
1.74889
1.61063
0.948841
0.413416
0.46382
2.27771
1.77855
2.41605
1.55415
2.76395
1.99201
1.57658
2.76213
1.22937
2.45042
1.6489
2.37845
0.618344
1.28537
1.37865
0.795257
0.156299
1.87761
0.489606
2.27968
3.23152
1.08834
0.719375
1.82399
1.47701
3.60494
1.09761
1.67433
2.33671
2.21583
0.29337
1.57145
1.21925
1.78047
0.5503
1.99607
1.22425
1.29364
0.481465
1.5873
1.6319
0.297247
2.44772
1.31374
0.988558
1.24764
1.80927
2.31572
1.38704
3.30722
2.95747
3.03309
1.83034
2.55016
0.912011
0.960284
1.27572
1.61795
2.1222
1.73577
1.71129
1.53526
0.529956
2.04259
1.62267
2.86298
0.599021
1.88577
3.30699
4.29082
1.89214
0.336595
2.81196
1.04231
1.7621
2.64026
1.70186
0.345557
0.958356
0.272239
1.16639
2.82391
0.949261
2.21001
0.828228
1.55428
0.946461
0.807029
1.87101
2.30144
2.38788
1.61617
2.63189
0.929909
1.50528
1.75124
1.33273
2.19772
0.983736
3.60141
2.02548
1.26943
0.999524
0.634558
1.69579
1.92711
2.36713
1.51108
1.15103
0.439218
2.2219
3.0659
1.50989
1.52442
1.4704
2.07478
2.38447
1.21379
4.28924
2.42632
2.07981
2.22725
2.77046
2.28733
1.63778
1.2478
0.834852
1.74538
3.63836
1.90469
3.32312
2.75097
0.610763
1.29799
1.07139
1.25809
0.268145
1.09765
2.42716
1.42172
2.73354
3.23265
0.649114
2.31674
0.848148
1.95636
0.0855935
0.4264
0.225043
3.6389
4.03018
1.72463
1.0536
3.63891
1.01554
1.66315
2.57411
1.80166
4.27631
2.0012
0.764653
0.673822
1.85541
1.74309
2.55787
2.23734
1.37297
2.51008
1.07783
0.849714
0.346398
3.58821
2.36256
2.01839
1.95949
1.50203
2.22872
1.35711
1.05616
0.889872
0.965087
3.1188
2.64245
1.39267
1.77984
1.44909
0.410446
0.45456
0.722103
1.97784
1.36013
1.107
1.78854
0.815067
0.613006
1.94665
2.1499
1.43262
2.35416
4.34556
2.88648
1.00457
1.42946
3.61931
0.717886
0.876805
1.4845
1.55315
0.923321
3.12171
0.734177
0.449409
1.99119
0.643181
0.889467
0.869722
1.0103
2.26739
0.583442
1.67661
1.67857
0.624876
0.516046
1.87764
0.561301
1.30242
1.22625
0.432688
2.29268
1.24721
1.32511
0.473389
1.23791
1.14611
2.4361
1.34908
1.56489
1.85248
2.92661
1.18159
1.12222
3.88956
0.533392
2.82997
2.3069
1.8701
0.658987
1.90103
3.11118
1.7492
1.32995
1.99855
2.55707
0.345159
0.791461
2.1852
3.92594
1.6241
1.99279
2.61055
1.59978
0.873737
1.39981
4.34232
1.40523
1.37765
2.57981
0.560389
1.54584
0.534253
2.42117
1.05802
1.65539
2.3246
1.42625
2.66789
2.2948
0.869988
1.85529
2.14069
3.77553
3.27975
2.91183
2.63542
3.82887
2.01295
1.95335
0.825046
3.95654
1.3388
3.29879
2.0297
1.24975
2.21288
1.1474
3.18831
2.3594
0.462059
1.67078
0.343168
3.35096
1.27229
0.954485
1.82968
1.51685
3.91945
1.09625
1.59918
1.44792
1.36845
1.78614
1.70298
2.16234
2.70671
1.10132
0.895169
1.14229
0.722481
1.2238
1.62486
0.378279
1.08472
2.874
4.01837
2.93043
1.00797
3.33652
2.53254
2.35272
1.9249
4.05318
2.01329
1.8357
1.17335
2.43625
2.41244
1.76853
0.542588
0.480906
0.466001
2.69182
1.95526
0.761926
0.659964
1.97065
1.40003
1.18944
0.247229
1.94486
1.18848
2.36364
2.68725
1.46796
2.43575
2.83315
0.786265
2.47776
1.28912
3.50341
2.16503
2.78906
1.72682
2.02219
3.20271
2.30056
0.272915
1.96181
2.41935
1.36637
0.873506
2.0805
3.49361
1.71077
1.7257
1.60222
1.37545
2.239
1.86509
0.876792
0.593739
2.73413
1.56762
2.34503
1.95131
0.555762
2.02453
1.66786
2.5634
1.7201
0.97013
1.87655
1.19117
2.54067
2.1953
1.16451
1.17618
1.44132
1.4435
1.97302
0.672963
1.63585
3.30348
1.55288
1.5929
1.4492
1.86002
1.66036
1.79696
0.764872
1.4292
2.42967
1.51394
0.754375
2.51259
0.915682
1.22716
3.22378
1.48041
0.99684
0.841319
2.53966
0.383496
2.88879
1.246
2.11914
0.418785
0.752439
2.60295
2.07091
3.40427
1.87731
2.14665
1.78387
3.94878
2.62626
2.777
1.25395
2.08059
0.816718
4.14878
2.92976
1.13657
0.0739514
1.51038
2.41546
0.725163
2.12426
1.76238
0.687534
2.34866
1.04484
1.09874
1.95147
2.0143
0.960952
2.84573
2.65885
0.9979
1.78885
1.02293
1.03218
3.04343
1.40503
1.60119
1.86889
0.758942
1.30668
3.46987
1.28208
3.29633
1.59421
2.0326
1.70561
1.89646
1.32639
2.87751
1.1112
0.647872
1.64663
1.29001
1.8703
2.6758
4.09184
0.905127
1.08059
0.817818
1.13688
1.38265
2.09237
1.02327
2.22279
2.25147
2.59791
1.31594
2.23876
1.95745
1.75559
0.696203
0.751186
2.40365
1.8633
0.972976
1.7119
0.45838
0.994953
2.24086
1.97405
3.93341
2.34667
2.8208
2.01836
1.6506
1.48438
2.70635
1.69948
0.993926
2.62251
0.588664
0.920317
1.3469
1.58436
1.43127
1.56961
2.49485
2.37964
2.40434
2.44447
1.94873
0.791447
2.87041
2.24224
4.58966
5.1482
2.30063
2.991
1.75883
0.563986
0.769059
1.83087
2.64476
0.530445
3.6219
0.950616
0.723354
1.63015
1.20591
2.85726
1.23689
1.66449
2.37119
0.321423
1.84995
0.0744869
2.39461
1.73537
2.29641
3.67378
0.815929
1.69715
1.82804
1.57211
0.694365
2.12042
1.72957
1.0526
1.04146
1.92489
0.405807
1.54534
1.87197
2.51027
0.310694
2.57349
1.39894
2.55495
1.40591
1.62465
0.655845
2.38702
3.07384
0.438314
0.440244
1.34911
1.76368
2.8225
2.44197
1.71516
0.536856
0.931065
0.658144
2.86484
1.31592
1.30991
2.31155
3.16732
1.8135
0.687377
2.18534
1.31116
4.07445
0.847552
0.885805
3.78897
1.93417
0.866298
1.03458
1.75475
