#CONFIGURATION
#seed:                1357904678
#number of particles: 961
#lattice space        2.4
#axial ratio          1
#box_width:           74.4
#box height:          64.7538
#lattice type:		 triangular lattice
#particle speed:		 2
#runs:			     0
#nogui:			     1
#logname:             A3L24
1.53667
0.883816
0.437219
3.15221
1.40394
0.510441
1.50339
2.30356
1.18548
0.872697
1.41855
0.891142
2.22731
1.75184
0.918144
1.67114
1.09041
0.407928
0.539732
1.4137
3.87554
1.80213
1.78791
1.53793
1.49405
3.87321
1.06283
3.28358
1.14748
0.393719
2.93897
2.10213
3.40571
2.56047
1.24848
2.77685
1.58797
1.64243
1.64156
2.91122
0.0908912
0.305831
1.63591
2.11625
2.46678
2.63394
2.31261
0.750753
3.6444
0.817218
1.36157
1.0355
1.22512
1.10619
1.81362
1.82416
1.03773
2.28921
1.91166
0.990721
2.25183
2.08359
2.53855
0.459995
1.97354
2.65454
2.83394
1.66632
2.65093
1.72119
1.738
0.95781
4.13681
4.6674
1.4892
0.445358
1.47019
2.42118
2.68424
2.42867
1.2773
0.601346
0.80814
0.727373
0.390325
2.76101
1.61273
1.35627
1.09554
0.451321
0.6921
2.4369
0.660605
1.61915
1.57858
1.66775
2.23791
2.64653
1.52764
2.29621
0.829088
2.37088
0.930175
2.56607
1.35639
1.90547
1.43425
3.88817
1.67141
0.20033
1.85966
4.24128
1.43558
0.226241
3.0455
1.09026
1.62808
1.26535
1.23194
2.09502
0.0593813
0.384999
3.09421
1.50228
0.464399
1.90758
3.00341
2.68279
2.0843
1.55585
2.53235
2.44613
1.64117
2.86945
1.55876
2.83341
0.914929
1.60657
1.88284
1.45724
2.0118
0.796309
2.54689
0.356668
3.07107
1.41563
2.62697
0.742937
2.7125
1.57794
0.685604
0.839163
5.06888
0.345824
3.02785
1.86472
1.51802
4.30401
0.460191
2.36695
1.73053
1.93481
3.49068
3.44431
1.59495
1.1209
1.51495
1.56494
1.36232
4.07554
2.11155
1.29333
2.40969
1.19961
2.16672
0.771033
0.474397
1.55114
1.89293
1.56109
1.42756
1.72731
3.58437
1.54832
1.11556
0.885792
3.68296
2.39958
1.69027
2.49473
0.992406
1.26837
0.772711
1.79261
3.49803
1.78482
1.99031
1.65879
3.09719
1.75197
1.33224
3.09748
1.2858
3.4765
1.58237
1.4502
2.73857
1.37964
1.34019
0.523167
2.21352
0.214638
3.4701
3.89611
1.74629
1.93169
1.95434
0.282811
1.06946
0.663817
0.508526
1.17144
2.52804
1.10095
1.71509
3.05171
2.89158
2.52094
2.59374
1.95562
3.2951
1.73633
0.747796
0.71288
1.89507
0.473729
2.5768
1.4591
2.50343
2.48628
1.82286
0.824698
1.87853
2.60391
3.12854
2.41881
0.243101
1.71138
3.87285
1.15039
2.32244
1.69991
1.18646
1.92831
1.41067
1.09935
0.209862
1.25612
2.80971
1.9572
3.25924
3.04826
1.42401
1.14469
2.62157
3.35236
2.03967
3.59704
1.63871
1.08531
3.42813
1.62013
1.42338
2.57576
2.26133
0.898342
1.65955
2.64271
1.91026
2.05641
1.02526
1.41469
0.984553
2.32187
2.07091
2.7127
2.31677
1.95692
2.39206
0.635748
0.860927
1.4232
2.60653
1.39863
2.03298
1.04182
2.0901
0.122816
1.15612
0.641439
3.22939
0.0471081
1.11419
1.05462
1.5199
0.168499
1.13104
2.12373
1.19638
1.92588
2.21222
2.54923
4.15323
2.29475
2.65551
1.59183
1.28631
0.472389
1.61297
0.870521
2.87838
1.29012
2.69228
1.86274
0.833542
2.18549
1.09528
0.49037
0.730777
0.220999
1.85222
1.08116
0.26777
1.42469
1.30752
1.00403
0.5735
2.81252
0.857877
1.707
2.61273
0.56688
0.194961
1.90539
1.47172
1.42399
1.18763
1.22512
2.57061
2.01843
1.57072
2.26467
0.947372
0.974282
1.68571
2.85018
1.71135
0.774997
3.60214
0.964798
2.19754
2.39847
1.44442
0.545753
2.76998
1.03417
2.30549
2.36058
2.58476
0.786868
2.14124
1.78469
1.25321
0.584471
3.134
1.94493
1.20438
2.17534
2.31421
1.705
1.72739
4.18402
3.16542
2.30598
1.36929
0.814978
1.35583
2.00982
4.68777
1.92965
1.49649
1.3928
1.68774
1.09349
1.5194
1.83876
1.12244
3.05337
0.714669
1.65703
2.53476
1.44316
0.752261
0.485712
0.267169
3.81152
1.43236
1.8579
0.746043
2.61487
2.67971
1.48497
2.30277
3.02747
1.64834
2.31924
1.67139
1.60164
1.29163
1.45984
3.13776
1.4796
1.7138
1.87754
1.66277
1.00688
1.31231
0.626698
3.02765
0.506833
2.28044
2.13977
1.41867
0.726343
0.502713
3.46247
2.0211
1.65426
0.41144
0.262002
2.24588
2.53135
1.45003
0.334254
2.32714
2.01229
0.420143
3.3945
1.49039
2.26426
1.121
1.15418
1.38771
2.64754
3.86191
0.511618
1.2581
1.37334
5.00352
2.75354
1.49836
1.78015
2.16522
0.586559
1.5085
1.16733
1.36555
1.45827
2.97795
2.17921
2.76194
3.83094
1.69513
4.70223
1.25886
4.02654
0.68853
0.319318
1.29972
0.896336
3.0866
1.76156
1.38677
1.54688
2.22193
3.03964
1.45258
3.22593
1.9915
3.24032
2.82081
0.913063
1.45854
2.20538
2.07265
0.502504
1.18906
2.91305
2.54231
0.676486
1.28251
2.50113
1.22031
1.2249
3.03094
1.56378
3.28908
1.43885
3.86049
0.45685
2.05327
0.525255
1.42492
1.95067
2.02352
2.24056
2.66756
1.11551
3.07094
2.65915
0.964063
1.46731
1.77922
2.36879
0.41353
1.28779
1.22292
0.704481
2.99376
0.814274
3.13367
1.80379
0.216686
0.967397
1.6086
1.21911
0.667696
3.46398
1.84854
4.12662
3.15184
1.88887
1.00908
2.61355
1.41333
0.429595
0.644014
1.32632
2.68108
1.51152
1.71533
0.916164
1.05085
0.999999
2.22191
0.911028
1.11167
0.994436
0.962253
2.26532
1.38268
1.93041
1.11552
0.924996
1.70602
1.88682
3.18615
2.94404
1.19208
0.479258
1.95527
0.621045
0.811824
3.07967
0.766026
1.13414
2.34376
1.54939
3.2111
2.64314
3.04195
1.67692
1.4173
1.85138
0.486063
1.68473
1.26732
1.5879
1.9121
2.10132
1.03432
1.58485
3.19383
2.2867
1.02058
1.67471
0.441069
1.77477
1.82896
0.902757
1.3108
2.50041
1.58175
3.39649
2.71464
1.9909
2.31549
1.7928
0.73105
2.58767
2.13262
1.5536
2.86107
0.997141
1.16372
0.406066
1.03192
4.42028
1.8674
2.53845
0.201578
1.1717
0.828233
1.32793
2.23487
2.17167
4.30635
0.761276
0.286005
1.05582
1.15623
1.4178
0.462175
1.00177
2.53305
1.52792
1.01107
1.31232
0.612677
0.631219
1.96042
3.20889
2.10201
1.8815
2.84174
1.56175
2.24943
1.12342
2.60428
1.24224
1.0315
1.66076
1.96079
2.22716
1.7407
2.08485
2.56421
1.35184
3.98648
0.948787
2.84276
2.33117
2.46321
2.62959
0.600772
2.07563
1.15446
1.36113
0.561992
1.37246
0.0456633
1.83107
1.54297
1.72339
2.30278
1.20983
1.73244
1.98845
1.47614
1.62087
1.26661
3.03026
2.47908
2.98581
0.842887
0.84233
1.97169
2.96065
2.81541
2.19894
2.96022
0.590089
2.28639
1.25762
4.42955
3.7103
1.81333
2.01867
2.02617
1.9087
2.48276
1.18073
0.681953
0.125338
1.811
2.4352
2.21773
2.6133
0.584949
1.60844
2.51912
0.940788
0.936389
1.25911
3.89578
1.84658
1.781
2.30816
2.06742
2.89189
2.37196
0.549858
1.77516
1.03783
2.44239
2.57544
0.740366
0.742441
1.19723
0.616113
0.280691
1.79143
2.01494
1.65465
1.49587
1.21845
2.03046
2.15674
1.674
0.713283
0.87569
2.47146
1.53656
1.95178
1.45491
1.21318
1.72454
3.33894
1.80644
0.19595
1.45085
1.77039
0.947439
1.95478
1.2187
2.80891
2.95945
1.57311
2.72986
3.04836
3.46326
2.62604
1.70334
0.737044
2.78822
1.93078
2.08572
4.95301
0.760609
0.801291
3.65243
1.37717
2.33145
1.64086
0.660244
0.580093
2.17609
1.36344
0.6798
2.16514
2.01118
1.79302
1.04781
1.96729
0.855323
1.72075
2.07422
0.282111
1.29547
2.18505
0.737311
1.65908
1.79884
1.61275
2.04563
1.4659
0.547963
2.36158
1.01136
1.22171
1.84141
0.822494
1.23288
1.03273
2.7453
1.59691
1.88691
2.50229
1.79608
3.55275
2.64557
0.508981
0.871064
3.8154
0.559754
1.25348
3.80177
2.81477
1.47764
1.89643
3.43631
1.58515
0.72789
2.53588
2.17498
1.08537
0.331919
0.264477
1.46689
1.23024
0.843652
1.3575
0.737534
0.799862
1.7127
1.17925
0.460225
4.33767
2.05233
1.44466
0.939216
1.80786
1.46057
0.690744
1.12206
0.212188
1.30701
2.7988
1.34871
2.32979
1.70409
1.90056
2.34352
2.49305
0.954791
1.02334
1.50187
2.36417
2.74231
2.64639
3.15532
3.13638
3.04029
0.597885
1.40471
1.36214
3.07338
1.15182
3.17304
2.27426
2.8102
0.960871
3.65083
2.22831
0.203345
0.96133
1.46421
0.632116
1.41384
0.637608
3.26011
2.11568
0.806593
2.99347
2.86541
0.70665
1.35536
2.1323
0.476963
1.76901
1.85024
3.17085
0.673807
3.32596
2.3688
0.703125
1.14893
2.49765
2.75039
2.53405
1.00435
0.62637
0.480091
2.22591
2.35858
0.614618
0.697223
0.478901
3.52237
0.182541
1.73639
3.20108
0.913283
1.28688
2.11349
2.91622
1.44429
0.626032
0.7288
0.286209
1.42287
2.18222
0.241166
2.81927
2.43266
3.44615
3.88227
1.66141
0.300037
2.59684
2.78652
2.21038
2.39525
0.664719
2.04933
2.3437
1.22851
1.84605
1.52841
1.87602
1.29221
0.557668
1.75157
0.911865
2.34295
0.957396
1.20948
0.800573
0.385843
1.30919
0.327398
1.03601
1.83793
3.5196
0.518013
2.44069
0.906526
1.84633
0.79437
2.75016
2.79219
