#CONFIGURATION
#seed:                1358154340
#number of particles: 961
#lattice space        2.6
#axial ratio          1
#box_width:           80.6
#box height:          70.15
#lattice type:		 triangular lattice
#particle speed:		 2
#runs:			     0
#nogui:			     1
#logname:             A3L26
2.2072
2.58304
3.26296
2.55813
2.76851
3.18059
0.711089
3.61415
1.03949
2.21674
1.13303
0.494233
1.52112
0.238679
2.06577
2.34224
3.52991
1.17529
2.33023
0.679507
0.603683
1.28584
2.81013
1.74546
3.83223
3.54933
1.99967
0.617924
0.82856
1.96556
0.659909
2.42826
2.90007
1.07071
0.930239
3.18336
2.82621
1.54268
2.81567
1.75728
1.07795
2.04737
1.82741
2.4012
2.15683
3.64504
2.17926
0.62122
2.75417
2.10031
1.61258
2.44357
1.451
3.06422
0.693471
1.8955
1.99561
1.1524
1.3926
1.29678
3.45683
3.75456
0.399628
1.0394
4.06402
1.31861
2.14994
1.3501
1.10452
0.716362
1.71666
2.93257
1.28021
1.14435
1.71622
2.51503
3.04427
2.962
0.681796
2.66112
1.26684
1.92259
1.9285
0.920722
1.74652
1.64779
0.576315
2.08637
2.04475
0.838595
0.762969
1.7442
3.41911
4.20402
1.08383
0.950379
0.656064
2.88527
3.8211
1.94651
2.50747
4.66409
2.08826
1.97862
0.891468
1.60523
1.56182
0.90639
0.760508
1.75994
0.884954
1.84486
1.15505
1.55336
1.78664
1.21732
2.10911
1.0376
1.7671
1.60395
0.921764
2.4401
0.65491
0.381775
0.641186
2.47205
3.07203
1.92152
0.811814
1.11609
2.08276
0.566163
0.790433
2.49459
0.320071
2.05707
1.29677
0.511854
1.01152
0.734449
1.31412
2.02618
2.57837
0.944678
1.50985
0.485112
1.71065
0.997764
1.56281
1.04478
2.31828
1.38622
1.27446
2.51508
0.849923
4.58973
1.31416
1.74117
0.929058
1.67483
1.33561
1.40141
1.90841
3.4291
1.35537
1.21396
1.87733
0.996534
1.31832
0.575255
2.10568
0.688838
0.0690424
3.0821
3.07976
1.4677
2.86047
1.07949
3.59668
0.501174
1.46298
1.15045
1.9001
3.22608
1.32715
1.35991
1.54058
2.27626
2.8445
1.79747
2.48862
1.79774
0.876651
1.69798
1.38336
1.40313
0.237982
2.60287
1.83898
2.30813
1.7864
1.79258
2.00196
1.66452
1.93845
0.686879
1.78245
0.38792
0.841596
0.79326
1.71461
1.55726
3.0347
1.01236
1.01446
2.85245
0.771524
1.34874
1.46222
1.0418
1.20047
2.77316
0.292545
3.52073
0.76322
1.08268
0.369309
2.33987
1.5798
1.74615
1.72324
2.38955
4.97483
0.6874
2.85288
0.726398
3.52509
0.556183
2.39349
0.999699
1.30299
1.04899
1.81992
0.79773
1.18549
2.6182
3.35081
0.501382
1.55457
1.72012
1.80364
2.09437
2.00839
2.59982
1.61811
2.26126
1.81283
2.07787
1.97145
1.14867
2.64608
2.20544
3.34251
2.86078
2.73428
1.1956
0.866106
1.80136
1.79173
1.27931
1.34865
0.91721
1.43196
1.01476
3.00091
1.4157
1.40882
1.89113
1.08295
0.813661
2.13555
1.7258
1.32519
1.64729
1.386
3.43538
2.28038
1.65075
1.63313
2.48672
3.63822
0.305954
1.21896
3.22846
1.51238
2.37651
1.0693
1.8581
0.758052
1.68496
3.33519
2.43269
3.37858
3.91355
2.64347
1.7301
0.177138
0.778786
1.85336
1.50561
0.939194
1.8816
2.25168
0.546193
2.15363
3.29999
0.278287
2.46103
1.45169
2.34584
0.930545
0.997872
0.423797
0.777782
1.25801
0.946939
0.984102
1.73696
2.64434
1.70284
2.20107
1.57865
2.83487
1.82597
1.71895
1.86002
1.44187
2.15098
1.97963
2.42299
1.5597
2.97984
3.84299
1.81752
1.33405
1.09236
0.628656
3.22123
0.87251
2.35408
1.89135
1.66833
1.92285
2.08239
4.04379
0.916941
1.80058
1.19842
1.38109
1.65225
2.85356
3.26841
1.54035
0.373487
0.812409
2.33203
1.36703
2.07154
1.8989
1.86267
2.66111
3.05781
2.1587
0.595773
2.1549
2.01071
3.15961
1.6697
0.901303
2.26051
1.93939
1.89756
2.15007
2.89411
1.78573
0.18037
0.856204
0.438477
2.5216
2.54503
3.23539
1.29119
0.63227
1.23034
2.04287
1.55585
2.13536
2.57996
1.32304
1.02724
1.49935
2.42695
3.93353
1.87233
1.33021
1.53237
2.67746
1.71767
1.95139
1.73779
0.592679
2.0207
2.94241
1.15243
3.39358
1.38818
0.836732
0.953968
0.397095
2.10708
2.0342
2.71413
0.493057
3.68882
2.00288
0.275333
0.546732
0.569421
0.763314
2.36519
0.273955
3.2524
1.07615
2.57733
4.35459
0.97123
2.30496
1.5008
0.522707
2.90926
4.8767
3.20667
2.16042
0.840615
2.77785
1.94107
3.04908
1.07548
1.2519
2.92724
1.69612
1.95199
1.92194
2.32811
2.95
1.02603
0.522016
2.35698
0.881749
1.30363
0.262172
2.56326
2.09459
1.3538
2.14643
1.67299
2.05499
3.16794
0.0890944
0.926221
1.19539
1.50517
1.66514
2.48148
2.2958
3.07728
2.26799
2.06625
0.970128
1.82043
1.44022
2.26635
1.05174
0.906412
3.96683
2.21744
0.775013
3.63746
1.40587
1.80686
0.404174
1.88757
2.77002
0.833054
1.09772
1.18187
1.92217
2.06379
2.82668
1.70404
2.98511
2.94988
1.84157
0.854845
1.48583
0.64736
1.50982
1.49141
1.73431
1.10617
3.13897
2.44665
3.16056
0.636108
2.71955
0.859078
0.848584
0.842661
4.41054
1.96024
1.26392
0.689559
2.31544
0.51273
1.31165
2.69945
2.27722
2.05288
2.17618
2.79241
3.21756
2.74716
1.43237
1.01812
1.7662
0.840669
2.40794
2.43188
1.27023
2.06262
1.87372
2.6588
0.764416
1.04616
3.26843
0.982971
0.387431
0.769469
1.96694
0.512724
0.481352
1.03334
2.61003
2.35455
2.70692
1.6797
3.16444
0.489468
1.31263
1.31964
2.47341
2.49648
2.66142
3.9077
1.74624
3.05025
2.41225
1.90522
2.57056
1.20307
1.40619
3.19725
4.39335
2.84609
4.11016
1.94691
2.69894
0.105049
1.46769
2.34589
2.1644
2.05727
2.84091
2.13768
1.26015
0.857059
3.43707
2.61453
0.675625
1.81337
2.72887
0.77376
0.441324
2.38728
3.6794
1.42536
0.167154
3.6555
1.64381
1.21605
1.64182
1.43318
1.68408
1.61914
1.58852
1.33412
2.73246
1.79072
0.979485
1.66519
1.81709
2.02708
3.19188
1.51133
2.00264
0.516427
0.492166
1.82033
1.00167
1.40691
1.24415
0.828535
1.40301
0.492644
1.64005
1.65353
0.896196
2.14003
1.27028
0.834084
2.96131
2.74458
3.0336
2.125
2.68453
1.62346
2.15762
0.312699
1.20395
1.03967
0.696709
1.2524
0.666195
1.74565
0.522595
1.18138
2.26882
2.17436
2.67043
0.994731
2.45717
1.17391
1.6717
3.16385
1.59504
2.27188
1.3025
2.43348
1.00778
0.537698
1.28705
1.16712
1.69989
2.14969
1.32281
1.4417
1.44459
0.581348
4.83552
4.233
0.2518
1.91439
1.41877
1.28858
2.19643
1.39478
1.72976
1.49279
2.18497
2.54316
1.98748
1.58472
2.63464
0.998922
2.15584
0.906006
2.02701
0.826374
2.11507
2.59538
3.42953
2.85845
3.28468
0.580701
2.24754
2.3455
2.64303
1.07221
1.88423
0.525024
1.92351
0.56455
1.36984
1.59545
2.32032
0.950929
1.52849
1.49715
0.826419
1.71894
2.13004
3.54183
1.33797
1.08592
2.10531
1.11025
3.12515
0.822188
1.04283
0.392188
1.60463
1.12184
1.51144
2.58991
1.66011
0.681985
1.8395
1.07103
1.38274
0.697352
2.57042
1.56218
1.78473
1.17643
3.72349
3.57759
1.46099
2.16862
1.83689
3.71562
0.966594
1.63127
0.818346
1.81911
2.79164
2.69052
0.977288
2.02995
1.82116
1.08774
1.93547
2.45322
0.522284
1.66455
1.19917
3.53074
2.37089
2.1843
1.68671
1.30285
2.68117
2.32497
1.85702
1.7963
1.42148
0.361694
3.35896
1.79507
3.20677
0.714142
1.79042
0.698564
1.50792
2.1929
2.72956
2.65072
0.861405
1.52591
4.17532
5.23723
1.74043
0.648083
1.78809
1.51748
1.91847
0.477912
0.855638
2.70382
1.89877
1.76698
2.15452
1.7277
2.00335
1.80419
2.30889
2.72261
4.06241
2.78163
1.15053
1.42593
0.824575
1.15174
1.63058
1.82072
2.67452
1.21707
1.0418
2.35978
2.73841
1.94072
2.6295
0.143176
1.83905
1.22041
1.92422
1.61639
1.48789
1.45308
1.60972
2.24876
1.11697
0.793118
0.935101
3.00748
2.31236
0.770059
2.51376
2.0547
1.24501
1.1133
1.21425
2.91794
0.550523
2.12121
3.00635
1.91182
0.721252
1.37193
1.77893
3.35798
1.68475
1.6986
2.10554
1.5387
2.40665
4.12364
2.04486
1.77984
2.49844
1.26289
2.88231
1.54348
1.34964
2.41348
3.07465
2.33863
0.192319
1.63457
2.6015
1.86213
1.80136
1.58489
0.641098
1.624
1.68148
1.53879
1.18624
0.943103
2.5327
2.86057
2.23199
0.342037
1.02534
1.08377
1.15201
2.57315
2.11119
2.00023
0.850686
1.32533
1.51149
2.95061
0.680372
0.973279
2.15753
0.202053
0.451968
1.43628
1.14325
1.35179
1.04231
2.40439
0.472187
0.454367
2.37048
0.268489
1.24058
0.767064
1.63948
0.584439
2.32024
1.74247
3.01466
0.392965
1.66677
0.752485
1.7979
1.72989
0.818929
3.6139
1.85978
0.517078
0.644867
1.16423
3.39714
1.21094
0.420413
2.20626
0.794708
0.938094
1.78462
1.40474
0.964062
1.0071
2.51537
2.99669
1.36284
2.10815
3.97526
1.9561
0.564634
0.61989
2.41144
0.298697
2.74994
1.54568
2.09217
1.36193
1.30033
0.938789
1.25295
2.34799
1.29583
2.28977
3.14542
1.89951
1.11478
1.59211
3.00786
0.208118
0.640781
2.16362
0.679657
1.77411
2.83181
3.28576
1.38111
1.33616
0.464513
0.583035
1.6962
