#CONFIGURATION
#seed:                1357904690
#number of particles: 961
#lattice space        2.5
#axial ratio          1
#box_width:           77.5
#box height:          67.4519
#lattice type:		 triangular lattice
#particle speed:		 2
#runs:			     0
#nogui:			     1
#logname:             A3L25
1.14783
1.34838
2.27864
1.8607
3.78085
2.77878
3.1597
1.32297
1.55044
0.389912
0.749148
1.93428
2.45226
1.63157
1.03154
0.169465
2.86763
1.81697
4.21105
4.07704
2.35875
1.71328
0.908554
1.59845
3.50643
1.08182
2.7456
2.65905
1.7497
3.4748
1.50224
1.55343
1.25051
1.62632
2.888
2.46194
0.740289
1.80183
1.21125
1.61463
0.764465
1.411
3.38274
1.95889
1.38762
0.637674
0.738541
1.66064
0.6593
1.6905
3.21883
1.74719
0.679517
3.19008
2.75903
0.636674
1.91851
2.39708
1.85154
0.634139
0.612765
2.57387
1.37604
0.514549
3.41732
0.850489
3.3559
1.89334
0.880296
0.726546
2.03761
1.65446
1.63708
0.262329
1.80263
1.69361
0.75491
2.5391
2.81351
0.944914
1.80042
0.460392
1.09041
0.741331
0.352271
1.86966
4.42013
1.30269
2.51008
0.810844
0.611323
1.55308
1.79494
1.59816
0.760623
2.02769
1.20212
3.05786
0.591859
1.05492
1.05206
0.76688
3.3574
0.64988
0.225167
1.51767
0.471635
2.90861
1.38007
1.63197
2.59112
0.977565
0.861677
1.78704
3.29223
0.829903
1.14009
2.1019
2.51136
4.24843
3.16584
2.43364
2.49747
0.58159
1.96635
1.33534
1.22205
0.93688
0.449837
1.87087
2.80458
1.80636
2.39055
1.19802
2.08679
2.17325
2.09511
2.00216
0.799439
2.80893
1.89718
0.847935
3.14663
2.26469
2.71676
1.80259
1.28677
0.697374
1.14047
1.96481
5.53235
2.56047
0.470609
3.06522
1.95654
2.4952
2.76458
3.65259
0.975921
0.877335
0.718853
0.202145
3.62136
0.764731
1.16792
4.17702
1.33929
0.603339
0.538072
3.14292
1.59298
1.68327
0.08323
0.656877
2.20618
1.83284
2.37269
1.7306
1.48987
0.795488
3.27133
0.97176
2.60958
1.06309
1.41853
1.57377
1.08368
1.49508
2.44354
1.7942
1.17205
2.724
3.16647
3.36112
2.51219
0.546407
2.17559
1.37214
2.33694
0.220514
1.48591
2.50137
2.44285
1.28639
1.25962
1.39689
1.29302
1.46197
2.18214
0.301787
0.22889
1.76528
0.97521
2.18813
1.70494
1.65296
1.73468
1.95011
1.75603
1.10554
1.26851
1.97706
1.11251
1.21629
1.60741
2.25684
1.07575
2.51632
0.385461
0.636338
3.34337
1.08026
2.38679
0.869732
2.41798
0.119268
2.63279
1.16054
1.31277
2.19998
1.01758
1.83007
3.21796
0.970747
1.87106
0.850473
2.75871
2.00682
1.82846
2.29352
2.47714
1.90715
1.22098
1.86076
0.543202
2.09707
2.56403
0.162205
1.77619
0.701144
1.42214
0.91405
0.322605
3.33303
0.532207
0.251858
0.812788
1.22903
3.85679
1.99231
2.6647
2.29947
1.09346
0.417575
1.76898
1.98932
0.826808
2.29353
3.74582
2.02111
1.9989
1.3793
1.58143
0.514993
0.93812
3.57894
3.25703
1.32863
1.37146
3.54779
2.23628
1.90202
2.11826
1.13948
3.14898
2.04203
1.45868
2.21528
2.39657
2.43241
1.96003
1.36133
0.618066
0.872022
1.83386
0.180479
1.28551
1.82939
0.415961
3.08958
0.951565
1.41141
0.539811
0.655205
1.32829
2.23483
1.81496
2.37801
2.68068
1.11653
4.34358
2.45826
0.632822
2.64528
1.5528
0.482621
0.783534
2.47431
1.3077
1.96803
1.67039
1.42842
2.14728
3.07186
1.78657
5.45039
1.90328
2.38253
0.894277
0.946853
0.659416
1.05963
2.40633
1.51959
0.352402
2.64436
1.52062
2.10063
4.62746
0.609414
1.71635
2.49742
0.781407
0.530135
1.06568
0.997561
5.79771
3.90928
1.22444
1.15217
2.10863
2.58422
0.670555
1.82075
1.35233
0.438682
1.78145
2.43874
2.85563
2.3588
2.82259
2.73767
1.18294
0.356835
0.742394
1.33003
1.93112
0.603659
1.49713
1.65677
3.04964
0.672666
1.94711
0.72495
0.225426
1.79966
1.50334
2.16996
1.76421
3.25946
2.75173
2.02015
2.08796
1.96658
0.78993
1.34652
0.991485
1.73449
2.66864
0.763831
1.11409
2.67421
0.398486
1.38414
0.998455
1.17686
1.70341
0.299976
3.17088
0.396882
1.99474
2.22428
4.05777
2.68808
2.11708
4.5195
1.66885
1.34234
1.03375
1.19186
0.526448
1.24591
1.99563
1.24257
2.86668
2.0866
0.459887
1.96258
3.29923
2.6157
1.69669
3.00754
1.87146
0.537263
1.92694
3.06988
2.71492
2.66939
1.18323
1.941
0.81495
0.514621
2.72763
1.70274
1.1197
1.56443
1.06373
0.42552
1.66179
2.24469
3.28622
0.676484
1.39105
0.758246
1.86507
1.50626
2.55962
1.83142
2.64162
1.09136
3.06602
0.68068
1.51009
3.73596
3.21797
1.07088
1.15221
1.38574
2.48791
4.2834
1.13651
1.10681
1.69963
0.546551
2.26171
3.30087
2.18879
0.898187
1.65684
1.10656
0.374349
2.59024
0.879833
1.69308
1.18018
1.32167
0.786713
1.79062
1.62383
1.50776
1.44233
1.4401
1.93612
0.495712
2.61456
1.86333
0.622526
2.1533
1.8154
2.62941
2.31628
2.00019
4.09591
1.91033
1.17732
2.38907
1.12363
1.75617
1.17244
0.80496
2.91653
3.05704
0.290801
1.54109
1.24853
2.43222
1.7126
2.924
1.84955
0.640363
0.824044
0.900526
1.15081
0.569774
1.65756
3.14476
1.47562
3.50552
2.03418
1.95059
1.77925
2.71743
1.81639
1.79037
0.937896
2.07538
0.731892
3.41626
0.371074
2.70257
1.014
1.83637
0.387839
1.7616
2.27929
2.47262
1.86381
1.57229
0.398286
2.71513
0.962381
2.86607
0.433892
2.29705
1.09942
0.790286
0.687359
2.62124
1.53063
1.29365
2.01585
2.03468
1.79813
0.892605
1.75111
0.336592
1.50537
1.83365
1.06697
2.57644
0.960659
1.61302
0.743568
2.47755
2.3369
0.907443
3.66707
1.62762
3.2475
0.823627
0.597727
2.6134
1.15579
2.72375
1.57095
0.465557
2.43092
1.32556
0.66108
0.618669
1.94877
2.96783
2.85494
2.14199
0.884654
2.03612
1.05482
0.242728
1.99391
2.35944
1.5985
2.01457
1.5242
4.2829
1.98365
0.736453
2.18299
1.04627
0.877393
1.81334
1.34429
2.53587
0.899903
0.776704
0.878825
1.84407
1.79623
0.507275
0.801047
2.23739
1.11988
2.58888
1.38214
2.11883
0.504971
2.67752
2.17142
2.09465
1.94171
1.42961
3.76977
2.47398
1.70325
0.659703
2.00629
1.1484
1.58259
1.37518
2.42824
0.365547
1.98121
1.03533
2.90869
4.33563
0.979209
1.28519
2.51378
1.62761
0.989359
1.70764
2.36212
3.40428
0.442543
0.430475
1.94935
3.22923
0.310394
1.90722
1.17049
0.449572
1.63081
1.3661
0.910958
3.43683
2.49521
2.21017
2.10806
2.40517
2.90304
0.71707
1.82743
3.22177
2.2561
1.19666
1.8903
2.16561
3.03606
1.49063
1.73382
1.12812
0.97988
1.25175
2.7496
0.508801
0.747392
2.64956
1.87361
2.18377
2.2227
1.21473
3.26488
3.66918
2.43151
2.20329
3.11766
2.28056
0.58637
3.25332
2.13477
2.47795
2.7475
1.10577
0.949159
1.3424
1.80493
3.23502
2.04249
3.54398
2.02898
1.83881
2.2645
0.59218
0.45834
2.80467
2.00476
0.6435
1.13772
1.30036
1.14499
2.13701
3.30805
2.56767
2.44126
1.39991
3.35724
0.49036
1.03576
1.47778
0.18505
1.5967
1.74442
0.524947
0.822459
0.721425
1.17011
0.554607
2.99712
1.05058
2.44491
1.76494
1.80928
0.574334
2.53102
3.7503
0.319163
1.72486
0.649232
1.72271
1.76133
1.21747
2.00845
3.13785
2.51395
0.910521
1.69734
0.442213
0.498379
1.13992
1.98335
1.22426
1.28702
2.09813
3.0897
1.70834
1.23
0.360563
0.638953
1.40295
1.73785
2.57371
2.08108
1.84082
3.59189
1.58189
2.60297
0.902756
2.00801
2.04491
1.34742
1.66842
2.60805
3.63928
1.4401
1.68181
0.305446
1.42474
0.958917
2.2397
1.38946
0.93758
1.55585
1.61998
2.99779
2.40101
1.51568
2.51308
0.669598
2.37238
1.2227
1.09266
2.33445
1.25236
1.57094
2.9478
1.33349
1.79391
2.08967
1.91396
1.54779
0.273438
1.54642
2.39078
1.90109
1.57459
2.34148
3.96171
2.37624
0.688574
1.93651
0.516353
2.00413
2.00292
4.07903
1.94577
3.25637
0.939422
1.37621
2.07141
1.67352
3.23043
1.78795
3.08692
1.41162
3.30249
1.69949
1.48188
2.60679
0.257282
2.1564
0.390013
0.188222
0.817121
3.02652
0.964973
1.01799
2.50032
1.13759
1.0303
2.52888
0.703872
1.45194
2.39828
0.579625
4.24884
1.78292
1.73286
1.36824
3.0568
1.39604
2.12813
0.518219
2.10679
3.94888
1.02712
3.0119
2.70418
1.85253
1.34527
3.00118
1.08387
1.61978
2.29218
1.4219
0.740015
1.32891
0.505555
2.35326
1.19842
2.52746
4.62895
3.1486
1.81699
1.40433
1.21922
4.0853
1.39655
0.251504
1.21718
1.39827
3.5248
2.02462
1.71677
0.820068
2.09679
4.1245
3.97871
2.77691
4.16991
1.87951
3.34518
0.903395
2.42502
0.799115
1.80251
1.45213
2.8046
0.971498
2.47187
2.43244
2.20888
3.82677
2.57712
0.990914
0.330306
2.70797
0.824071
1.32674
1.28186
0.507747
1.27973
4.04126
2.8686
1.07607
0.918567
0.695004
1.29424
1.60513
1.67287
0.400114
3.25476
1.9623
0.715977
1.156
2.23179
1.03559
0.415235
1.30693
3.34618
0.409386
1.96807
0.918999
1.16223
1.05851
2.44364
0.225095
1.76684
0.687475
0.901534
3.22602
1.63652
0.559293
0.784207
1.48166
0.659939
2.02603
0.969232
1.245
0.902031
1.04256
2.06772
2.03568
