#CONFIGURATION
#seed:                1358154319
#number of particles: 961
#lattice space        2.3
#axial ratio          1
#box_width:           71.3
#box height:          62.0558
#lattice type:		 triangular lattice
#particle speed:		 2
#runs:			     0
#nogui:			     1
#logname:             A3L23
1.11165
2.72038
1.44763
1.56353
2.10604
1.47365
1.15995
2.13032
2.27051
2.23986
1.14808
1.346
1.94835
2.1811
1.22703
1.08483
2.13804
3.23294
1.49448
0.859708
1.57858
1.85716
2.62721
1.34882
1.34904
1.34266
1.71379
1.38263
1.65357
2.07689
1.77148
1.68527
2.12273
0.486857
1.49453
5.16221
3.22886
1.28428
2.445
2.23841
1.75589
2.55905
1.07999
1.76592
0.520055
2.16737
0.974484
2.62705
1.12636
0.295865
0.640293
3.75653
2.26921
2.27839
1.67806
1.46937
0.553719
1.27298
2.83906
1.49146
0.830527
0.988433
2.59364
1.12433
1.32807
1.4213
1.69129
1.42135
1.1142
2.55171
3.12915
0.704968
1.8089
2.21539
1.34913
1.43823
2.43492
2.55569
1.70051
0.311597
1.37396
1.66546
1.28519
0.785423
2.71043
1.49034
1.34975
1.44032
3.73214
2.8372
1.57155
4.08225
0.565639
1.99782
1.80612
1.33481
1.24794
2.88263
3.14048
0.704425
3.20178
3.17562
0.817702
0.110353
2.88884
1.10968
1.66841
4.07733
1.95118
1.969
2.53007
2.64703
2.5081
2.14323
0.844325
0.980138
2.02363
2.46272
2.07027
2.49404
1.32879
2.62329
0.844356
2.00965
1.29291
1.40693
2.22949
1.59304
1.53967
1.81196
1.17586
2.1465
1.91852
3.84474
1.82695
0.557482
2.33578
0.689306
0.094328
0.823142
0.47564
2.78576
3.18703
2.65261
2.71846
0.626165
3.01871
0.459323
2.22558
0.987164
3.13482
2.6555
1.28211
1.86856
1.79922
3.42825
1.81659
0.938408
2.29232
0.629035
0.235884
1.23685
1.64442
2.15053
1.25533
1.92957
1.98775
0.878477
5.11887
0.538997
1.67328
1.36377
2.24181
0.920943
0.699846
3.33807
0.616024
1.49717
1.54753
1.51252
1.37744
1.98151
2.79719
0.432029
2.32435
2.30721
0.515698
0.431643
2.56227
0.425624
0.279457
2.06323
1.34703
2.90366
1.02925
2.67538
1.43273
1.52001
2.40931
1.59714
1.85585
1.50105
0.900373
3.23246
0.426315
0.618676
1.65691
0.716834
1.02484
2.10738
1.20486
0.746974
2.06195
2.47682
0.718261
1.995
1.29013
1.6835
1.79592
1.31042
3.38151
1.1398
2.60192
2.08778
1.69324
1.36485
0.603522
2.97688
1.22191
1.30971
3.1266
3.77915
1.96612
1.3922
1.6674
3.73812
0.354885
1.39785
3.65992
1.88057
1.02511
1.19936
2.05028
1.82431
3.39485
2.91361
0.921878
1.9603
0.894678
1.59771
0.572156
3.45958
1.60762
1.19708
0.936094
2.65687
2.13383
1.60691
2.06354
0.386256
1.00832
2.98144
1.99698
1.54055
0.522874
0.936589
2.00267
0.441376
1.77926
1.60674
2.94512
1.09743
1.61369
2.38239
2.02358
1.22913
0.381679
0.737298
2.54766
1.38964
1.88066
1.12589
0.674199
0.590248
1.60562
1.6738
2.30359
1.7876
0.584255
1.52042
1.98601
2.15196
2.51895
2.05689
2.39726
1.08849
1.75861
1.47693
0.382744
1.67362
0.83145
1.43631
2.8757
3.42061
1.69514
2.85866
1.00718
1.80878
1.14498
1.0026
1.47283
2.16356
1.88599
1.63299
1.10034
0.861643
0.867271
0.797106
1.816
0.62791
1.42196
1.82312
1.35104
1.40195
1.93273
1.23595
1.81792
1.39795
1.86993
1.34394
1.22451
0.647156
0.668527
2.78626
1.59935
3.95254
1.60604
1.02805
1.30045
1.98302
2.46566
1.45009
1.36994
1.78966
3.32663
1.18426
1.47319
0.39047
3.25353
0.619247
3.79447
5.59283
0.495258
0.966733
0.46805
2.20527
2.61246
2.27253
1.49105
2.08456
0.916299
3.23521
1.07931
2.2204
0.662906
0.958393
1.32217
1.86779
0.257929
2.21902
0.667525
1.40554
3.01564
1.66474
1.95113
2.76755
0.465721
1.42022
1.77484
0.879605
2.47423
1.17069
2.70406
0.437257
1.92727
1.31828
1.85568
3.35278
0.790312
0.218634
1.00309
0.991646
1.71888
1.97071
1.83064
4.37036
3.40423
1.84049
2.11198
5.19023
0.80688
2.7382
0.794893
2.59975
2.50782
1.94837
1.58462
0.966637
0.809765
1.38787
1.63811
4.0087
0.812432
0.999687
1.20069
1.82333
2.09406
3.62404
2.26948
1.00556
0.962604
3.47833
2.60691
1.26439
3.14775
2.05397
1.35065
1.89338
3.00319
0.949901
0.946936
2.61621
3.3479
1.50199
2.43876
0.422431
0.465465
3.02301
0.515911
1.15943
1.3271
1.39254
0.598312
2.5391
2.35735
1.32954
2.87079
0.765019
1.35602
2.00148
1.11883
0.726949
2.39101
1.23254
3.78722
1.18654
0.904532
1.59379
1.67619
0.459111
0.425934
1.29526
1.7225
0.941486
2.03085
0.34227
1.11381
1.48364
2.27223
3.14907
1.50103
2.98913
0.596035
1.35907
3.08301
1.52773
1.15659
1.62655
1.05817
1.87979
1.21701
4.30779
2.97164
0.197286
3.25579
2.08986
2.04299
3.81024
2.10273
1.58666
1.17863
1.24033
0.550892
1.15039
1.56539
0.794474
0.361257
0.843092
1.76374
1.83796
1.12177
4.09187
1.93618
0.767885
1.22161
2.52282
3.00928
0.971235
1.67264
1.54735
1.9645
1.65836
3.27646
1.48218
2.6339
1.35226
3.39482
1.44061
1.81691
2.44564
2.27685
2.68836
3.25485
3.01453
2.73656
1.51805
2.41022
1.66953
1.18225
2.06484
4.44083
0.925021
1.88637
0.335061
0.984681
1.65849
3.29899
1.77201
1.80246
1.50948
3.47587
1.42585
0.957593
1.57747
1.57975
1.35349
1.23264
1.14012
0.852538
2.32252
0.182879
2.48183
2.00407
2.50079
1.69108
2.20405
2.40366
0.476776
0.700872
1.08202
3.24092
2.50108
1.072
0.810615
1.37069
3.62045
1.78149
0.699076
0.874929
2.19481
1.19624
2.00027
1.7374
1.95503
1.08803
2.4323
4.01972
0.902604
2.8931
0.964613
0.773718
0.664003
1.20815
3.0103
3.48586
1.60253
1.55455
2.06932
1.02405
1.47885
1.53117
0.526487
1.79779
1.9169
0.48774
2.043
1.47107
2.65053
1.98146
1.57974
1.3371
1.31483
1.87771
1.20434
1.21912
3.57305
2.02581
0.810121
0.708659
2.45393
2.82139
4.21137
1.22085
2.03846
2.86793
1.85207
0.913028
0.481304
1.88368
2.12911
0.653343
1.98333
1.5902
1.51291
1.69951
2.42128
1.3126
1.47449
0.975364
1.64907
1.82045
4.31039
1.82002
1.28005
2.06986
1.0116
2.41694
2.65609
0.97344
2.06053
2.53752
1.2518
0.964393
1.50737
0.801385
0.461849
1.68369
2.58102
2.41552
3.59311
2.00078
0.92562
1.77189
2.75522
1.09623
0.584956
0.684429
1.45447
1.81484
3.46598
1.4822
2.05994
1.2801
2.26668
0.953368
2.07506
2.36715
0.407907
2.95937
0.667136
1.30935
1.51323
0.304867
1.63402
3.2375
2.03655
3.24936
0.769971
1.73149
1.26349
2.78093
0.729166
1.63332
0.580124
1.72752
1.92373
0.994048
0.341797
2.38226
2.4407
1.55462
0.820617
3.90268
2.15858
0.582131
1.7839
1.72924
2.18112
0.930297
0.961014
1.84076
3.53586
0.780856
1.31224
0.615741
1.27155
1.56905
1.65906
3.09219
0.607639
0.227879
1.07156
3.61696
0.590952
2.02994
1.97602
1.19438
2.19743
2.2742
1.36126
1.02874
2.03457
0.423616
0.898767
3.06306
1.34775
0.989425
2.23171
1.08895
2.80082
1.80698
2.71017
1.11106
1.9988
2.47701
2.19198
0.954806
1.1362
2.53596
1.47466
0.581614
3.67175
1.65319
2.3719
1.31482
3.56992
2.14906
2.65666
4.046
2.91028
0.55466
2.17728
2.38982
2.46391
0.966166
1.09744
1.5644
3.02537
0.481163
3.18765
2.30293
1.12364
1.16474
0.417393
2.48193
0.253462
2.6977
1.06877
3.07501
1.09459
4.10234
0.885091
2.09382
2.55792
2.03552
1.5638
1.29698
2.1392
1.44297
1.44661
0.833208
0.424485
1.07146
1.69442
0.862536
0.57681
3.20278
1.83626
2.74416
3.21689
3.24241
2.95419
1.71544
2.56969
2.0438
2.14916
2.8663
1.78173
0.578436
2.26937
3.62188
1.14231
0.270242
1.71101
0.575114
1.83135
2.43846
2.95043
1.4156
2.06202
1.52181
0.858817
1.58441
4.19414
3.11479
1.43263
2.85642
2.72354
1.29394
1.27161
1.4244
0.79204
1.54906
0.766364
2.89173
1.54557
3.20247
0.798354
1.53086
2.25832
1.61636
0.841449
1.11169
2.91462
0.667267
1.35328
4.38302
1.89564
1.93383
1.17649
1.41532
2.98022
1.36131
1.32556
3.16302
2.246
1.99828
2.43306
2.45072
0.167724
1.26187
1.51529
1.86767
1.26249
0.75523
2.13716
2.36622
2.64214
2.42923
2.57073
1.87892
2.08353
2.683
1.45724
0.564142
0.100586
1.22768
0.881761
3.76664
0.301913
0.464903
2.09785
1.11457
2.01219
1.46033
1.50871
2.02152
1.51755
1.21755
2.73926
3.54212
1.97391
0.85454
1.21395
3.35057
1.40271
1.02987
4.38202
1.68815
2.4615
0.69017
0.756718
3.07312
0.774866
1.21615
0.617467
3.18327
1.13426
2.35477
2.90872
0.775738
1.7882
2.81413
3.12149
4.00676
0.969982
1.84167
1.42836
1.23646
1.25032
2.21368
0.696758
4.79661
1.9743
1.90245
3.03177
2.69558
2.52983
2.43386
0.468502
1.65523
2.00378
1.04357
1.69888
1.43877
4.9508
1.45832
1.74992
1.40091
2.4931
3.0142
0.987417
0.96457
1.45887
1.79306
2.25058
1.46712
0.162394
1.45712
0.882237
0.890214
3.17457
1.63615
1.19619
0.0934195
1.56874
0.853496
0.284993
1.92093
2.55648
1.94406
1.02324
0.669192
4.17511
1.44301
1.99588
3.32301
2.59995
0.440819
1.7569
2.34768
