#CONFIGURATION
#seed:                1357908344
#number of particles: 961
#lattice space        3
#axial ratio          1
#box_width:           93
#box height:          80.9423
#lattice type:		 triangular lattice
#particle speed:		 2
#runs:			     0
#nogui:			     1
#logname:             A3L30
2.33578
2.88695
0.286607
1.9695
2.41365
1.34085
1.33514
0.347062
2.04042
2.18651
1.12915
1.28582
1.33606
1.46378
0.939977
1.71777
1.47558
0.40092
2.66393
2.07718
0.374898
3.68717
1.91883
0.602567
2.87753
2.63521
2.12549
0.103754
0.629917
1.41389
0.522017
3.16762
1.07787
1.92083
1.06301
1.37955
1.22627
0.81227
2.42189
2.50313
1.32556
1.07437
2.56434
1.08899
0.501745
1.80901
2.99794
0.327489
1.44593
1.21948
2.80518
1.63642
0.574948
1.8894
0.807932
2.45156
2.27451
1.1087
0.790609
2.45948
2.1477
0.658413
2.17397
1.73144
2.91983
1.35272
0.936397
2.91429
3.51183
1.28325
1.52739
1.25096
1.13314
1.16212
0.652853
3.38958
0.927306
1.91614
1.22358
1.59633
1.43737
3.0226
3.92536
2.59219
1.31719
2.07919
2.03872
1.56023
1.01153
2.76738
1.97519
1.20178
0.988885
2.6525
1.77012
0.519747
1.50967
0.779116
1.57359
0.811179
0.896192
1.55786
1.22375
1.20485
2.31107
0.296281
1.48277
3.85725
1.00098
0.966697
3.52251
1.08865
1.50331
1.11924
2.82534
2.38153
1.22543
2.8813
0.291859
2.16113
1.05552
0.0673589
0.738862
0.707417
1.19326
1.29243
1.00187
0.88967
0.819897
2.33821
1.0714
1.66828
2.09743
1.57163
2.05144
2.2895
1.16864
2.02391
0.287721
1.77839
3.37619
0.211676
0.893735
2.46792
2.09472
0.807311
3.29545
1.22468
1.47748
1.2604
0.0597012
4.34786
2.60285
0.482152
0.18525
3.07271
2.0296
1.31054
1.07083
1.8671
0.528542
2.37352
1.2965
0.261499
2.03915
1.11664
2.43561
1.86
3.38959
1.83041
0.840194
2.63437
2.37252
2.05171
1.00028
2.8694
2.92397
3.22334
1.67693
3.69999
1.08666
1.37785
1.90193
1.56808
1.25724
0.833197
0.730782
1.37381
1.13861
1.66738
3.61689
1.35163
0.449332
2.15248
1.82705
1.44862
3.75411
2.17433
1.74234
2.62255
1.99246
1.72922
1.80186
2.55904
0.856021
5.13684
2.29198
1.26523
1.47621
1.7353
1.69491
0.67199
1.04873
1.21672
1.26706
1.28154
0.0301145
2.10087
1.13292
0.578789
0.999739
0.6351
1.77308
1.8448
1.20276
0.682262
2.64405
1.96089
1.41276
0.659309
0.997276
1.51865
1.38547
2.42915
1.49989
1.30837
1.88965
2.84581
1.74729
1.75503
4.6621
1.31087
2.0948
3.41398
1.95391
0.702581
1.42624
2.19928
1.13335
0.786991
1.30428
2.28893
3.22559
1.88442
0.852102
1.70682
1.69575
0.993088
0.725227
2.12342
1.69764
0.203065
1.17369
0.277244
0.830263
0.527129
2.06968
2.38198
2.51858
1.71424
1.37596
2.13996
0.317514
0.402003
4.92845
1.19819
1.13555
0.187239
0.322224
1.87109
0.424317
0.753514
0.624948
3.44914
1.41051
1.06301
1.77471
1.67971
1.38257
0.930524
3.05319
1.1724
2.42679
0.548111
3.48868
2.0176
2.54377
0.126569
1.37943
2.12619
1.10148
2.53331
3.31805
2.66711
2.54668
0.88713
4.26895
0.0439275
2.48893
1.26039
0.978304
2.1047
1.40449
2.49144
1.38258
0.285845
1.74711
4.22872
2.51578
2.13083
0.896768
2.58363
3.18907
2.47526
2.81088
2.33839
0.733641
2.28682
1.35969
3.29887
2.9502
2.9406
1.07605
3.51501
1.9669
1.8208
1.19299
0.608939
1.94306
0.895338
1.71129
0.523759
2.22469
0.482856
1.16508
0.616635
2.13558
3.16623
1.07626
2.70507
3.6608
2.60419
3.12137
2.78315
1.89763
2.18565
4.81683
2.49511
3.22547
2.16695
2.16348
0.903955
0.323526
0.581894
1.20338
0.271053
2.76035
2.11596
1.92253
2.10132
2.94105
3.83452
1.45158
1.9921
0.886595
1.98444
3.03689
1.875
1.07573
1.8215
1.85424
2.57157
1.5008
1.0339
1.39486
1.48999
2.3549
1.43722
1.31298
2.96025
1.08289
1.02856
2.23321
2.85932
3.29757
1.97847
1.39747
0.387146
2.25774
2.12269
1.44622
1.75219
0.532869
1.41707
0.842713
0.374567
0.21777
1.22244
4.5263
3.31383
2.46301
1.32617
0.955408
1.36478
1.58974
0.790215
3.64588
2.59681
2.99284
1.52804
0.851001
2.24851
0.939294
1.46661
1.50657
0.837685
1.13329
1.54276
3.63952
2.36657
1.99321
2.0908
4.37567
1.97332
3.15896
1.09178
2.58121
2.01737
1.64841
1.59261
0.157702
0.675006
2.29981
2.92988
1.07147
1.9386
2.3851
1.9399
4.6613
1.68367
0.629008
2.51815
1.7817
0.593326
0.858125
0.706078
0.923552
2.45988
1.29515
1.02702
2.63941
0.731359
2.37249
0.745732
3.0993
2.47738
1.13468
3.31691
0.600964
4.15424
1.68421
3.50511
2.29859
1.38105
1.26547
2.57645
2.98079
2.44542
2.00972
1.36363
1.35361
0.912113
0.809426
0.602239
3.42359
2.51645
0.677954
1.15361
1.10735
1.71157
1.66898
1.55033
1.64437
0.994555
0.450303
3.66855
2.36432
2.0894
1.73352
3.63716
1.63025
1.47004
2.21818
2.40825
2.29076
0.374654
1.7509
1.48993
0.951792
1.78779
1.13988
1.73078
1.33653
2.26244
2.27735
1.61923
2.2036
1.43791
2.38853
2.41964
1.95937
2.86501
0.374777
4.24413
3.05301
1.60526
2.7043
2.25397
2.62732
1.99796
0.688794
1.77269
3.80796
2.85603
2.72733
2.78117
2.21501
0.572073
1.45688
1.77356
4.08175
2.10575
1.07958
2.9676
1.14516
2.49121
1.28789
1.72271
2.5592
1.02966
0.428023
0.642464
0.553416
1.44206
0.295977
1.21043
2.67562
2.90736
2.29995
3.85375
1.32585
2.40801
0.988446
2.0515
2.44666
1.56591
1.57082
0.24303
1.51566
3.39494
2.36074
0.837927
1.23106
2.16312
1.67171
3.93485
2.21426
2.89707
0.963731
1.53837
0.8219
1.59947
1.38821
1.80644
2.30534
1.04093
0.994235
1.68181
1.46523
2.39942
2.94532
2.04356
0.760366
2.26244
0.434377
1.70404
1.35767
2.63224
1.69613
1.87799
1.75936
1.48073
2.34814
0.820025
1.42316
1.41685
1.36278
1.32472
2.27004
3.53472
1.60999
2.45422
1.13772
2.34453
2.26203
0.711635
3.07545
0.483414
1.21826
3.17333
0.752519
2.11018
1.95266
2.64497
0.777847
1.63982
0.888332
0.758756
0.408227
1.44008
0.809998
2.35624
2.91046
1.11077
1.33348
0.897133
0.960342
2.29103
2.58226
1.05885
3.26476
1.69191
1.04027
2.31842
2.15496
1.85522
1.18333
2.05573
2.85362
3.64671
0.31097
2.3397
1.47653
3.01419
2.09691
1.70459
4.60889
2.46632
1.78403
0.450904
1.33422
0.338898
0.734208
2.30462
1.82332
2.79563
2.06577
2.04056
0.649907
2.23688
1.42854
1.19393
2.1557
1.20415
2.97534
1.87824
2.41437
0.755621
1.47182
0.782509
0.796212
0.471847
1.27098
4.22303
0.123559
1.70251
3.66282
0.533319
1.1636
0.234979
2.00277
1.79859
0.583666
3.64557
1.03055
2.36684
1.55745
1.40321
2.47287
3.25663
1.5389
3.46091
2.82149
1.89397
1.87693
1.53866
1.22912
0.339848
3.43647
1.95109
0.886128
1.26181
2.60201
2.55994
0.691902
1.19159
1.86318
1.62548
1.36088
0.3038
2.76529
0.341758
3.19346
1.12574
0.907901
1.00712
1.38853
2.29476
2.69926
3.42934
0.47484
1.90899
2.31646
0.758125
1.0252
0.979403
1.86144
1.07845
1.30037
0.439
0.843248
1.6168
1.38514
1.99324
1.40915
3.4255
1.83184
2.19834
2.64359
2.43373
1.59413
1.2763
1.78039
2.84082
0.427282
2.64572
1.89284
0.826383
1.981
2.77359
2.40541
1.21284
0.770191
1.66389
1.76201
1.90332
0.956791
3.99109
0.514054
1.94693
3.3287
3.38743
2.30152
2.60787
3.34107
1.86848
2.79346
0.776224
1.43745
1.87715
1.87113
1.74706
0.302804
2.15831
1.19979
2.09782
2.54605
1.23953
1.07223
0.680315
0.522101
1.51715
2.06357
0.717361
1.70778
1.00699
2.76921
0.822781
2.25972
2.10472
2.67149
2.06749
2.14718
1.13281
2.48761
0.853766
1.3713
3.6013
0.788951
1.92524
1.62041
2.28677
3.5303
2.83412
2.20307
1.52687
2.82171
1.29677
2.91635
2.75429
1.24433
2.73605
0.164024
0.864437
3.13508
2.04207
2.321
3.39376
1.84146
3.40723
1.53174
1.098
2.50347
2.30107
1.89889
1.78669
1.38979
0.328345
0.683681
2.99564
1.93961
2.40276
1.26652
1.60013
2.03253
2.18014
2.28098
0.637446
1.54989
0.845588
2.53604
2.15548
2.90692
1.45102
0.665504
1.16833
1.36435
0.628578
1.76027
2.05947
2.12199
2.4499
2.71285
1.21054
2.25736
2.05244
1.24101
0.764948
1.53705
0.507666
2.84432
1.61705
1.6462
2.32237
1.21563
1.38123
0.822109
1.18363
2.65401
2.03808
2.5738
0.240496
0.386987
3.24988
1.85038
2.14737
1.68366
1.19347
4.51599
0.169565
0.215946
0.895459
2.40386
2.37294
1.68497
2.13397
2.24423
1.76441
1.00113
0.859733
0.590332
2.03998
1.86107
1.10764
1.9676
2.31768
0.867427
3.12914
2.98588
3.6253
4.68207
2.71515
1.17656
1.11135
1.18911
2.42138
2.85668
2.07465
2.10962
2.62911
2.70198
1.08628
2.05598
2.24853
3.24359
1.69558
2.41471
1.57082
0.832873
1.03283
1.14943
1.31702
0.777157
3.1269
1.15933
0.541272
3.76967
0.853735
2.06826
0.939503
2.02711
2.10941
0.642826
1.25491
0.951917
0.86309
1.15363
0.889898
2.75929
1.04347
0.8379
1.71785
1.07264
1.24952
1.28455
2.62617
0.951633
1.45156
0.55221
0.620835
2.26013
